Date,Open,High,Low,Close,Volume
20150303,270.3004,280.0953,266.957,276.1397,7675974
20150304,277.7407,278.7767,267.8517,272.4666,2015273
20150305,274.5386,276.6106,268.4639,275.3392,1646495
20150309,266.6274,278.7768,266.6274,270.2534,1605505
20150310,272.137,279.6244,270.3946,277.835,1532750
20150311,279.7186,279.7186,267.0512,268.6523,2219295
20150312,271.0068,274.3503,266.5803,272.7963,1353664
20150313,274.209,274.6328,260.2231,261.5416,1532733
20150316,260.8823,260.8823,253.5362,258.1981,1987381
20150317,260.741,267.475,259.6109,266.7686,1641187
20150318,266.5332,267.2867,260.7882,262.6247,1109210
20150319,265.0263,266.5332,255.6082,257.4447,1789604
20150320,257.586,258.0569,248.9213,252.8298,1757867
20150323,253.7716,255.1843,246.7551,251.0403,2058386
20150324,250.5224,251.4642,236.7719,244.7773,3054024
20150325,245.8133,246.7551,241.1984,244.3064,1821346
20150326,243.9297,256.1733,242.9879,250.9462,2812025
20150327,255.2314,258.4807,250.5224,256.1262,2210673
20150330,257.586,258.3394,247.2731,250.8049,2205124
20150331,251.9351,253.3478,245.8133,248.4975,1863590
20150401,246.7551,247.9795,237.9021,239.9741,3411924
20150406,241.9048,242.3286,233.193,238.0433,3157618
20150407,236.5835,243.4588,236.5835,240.5391,1796361
20150408,242.0461,243.7413,235.2179,236.4423,2286056
20150409,238.1846,238.9381,234.229,236.0185,2432885
20150410,236.3952,242.9879,236.3952,241.999,1932969
20150413,243.4588,245.7191,238.7497,240.0212,3447397
20150415,241.1042,242.7053,235.8301,236.6777,3397244
20150416,237.337,237.7608,228.2956,230.4617,2792944
20150417,228.2014,234.8412,223.4452,230.2263,2479115
20150420,231.1681,233.5697,217.4647,220.6669,2053951
20150421,220.3373,227.5892,212.5202,224.2929,2717826
20150422,225.5643,226.8829,218.7833,223.8691,2385390
20150423,224.9051,229.1903,217.1822,219.9605,2601630
20150424,219.9605,222.6918,213.6033,218.642,1720122
20150427,220.196,221.9854,207.764,215.7694,2428785
20150428,216.6171,217.606,211.0604,214.7335,1817196
20150429,215.6753,226.0352,214.3096,223.1627,5715580
20150430,226.0352,227.2125,220.3844,221.9383,4551737
20150504,225.8939,236.0184,222.3621,235.1237,2812312
20150505,236.4483,236.4957,225.2835,227.4124,1661252
20150506,225.8986,225.8986,212.6522,214.0714,2971373
20150507,212.8887,213.3618,197.1822,203.7108,4412971
20150508,208.1578,214.308,205.5086,208.7256,3553277
20150511,210.334,215.6326,210.0502,214.8283,1396761
20150512,215.7272,218.4711,209.5771,210.6179,2052333
20150513,212.1317,215.0649,205.5085,208.2524,2330921
20150514,206.2655,212.794,203.7581,212.1317,1711307
20150515,213.2671,214.781,207.6847,209.3878,1084375
20150518,210.7125,212.8887,207.3063,212.0844,1229626
20150519,211.7533,213.6456,209.104,210.0975,1658986
20150520,210.9963,212.2264,207.5901,208.489,1097207
20150521,209.6717,220.2688,206.2655,217.2884,3140021
20150522,218.2819,218.8023,212.9833,214.9703,1602898
20150525,215.2541,220.7419,213.9295,217.8561,1310422
20150526,218.1873,223.06,217.4303,222.3977,2134624
20150527,218.8969,226.6082,218.8969,223.4858,1515556
20150528,223.5804,228.5005,221.8773,223.1073,2349545
20150529,224.2428,227.034,221.3096,225.3309,1068596
20150601,222.3504,227.4597,222.3504,223.9115,910187
20150602,224.2428,226.0405,205.9343,212.4629,2469444
20150603,211.9425,214.2133,203.3323,209.719,2248021
20150604,209.7663,215.6326,206.0289,214.0714,1617317
20150605,212.8414,215.0649,209.861,211.1383,1025840
20150608,211.4694,212.321,204.7516,207.0224,1316073
20150609,205.2247,208.4417,202.9539,206.9751,1115650
20150610,207.2116,213.551,206.3601,211.9425,848524
20150611,214.781,220.7419,212.8887,214.8283,2461454
20150612,214.6391,216.2003,207.259,212.5102,1323415
20150615,213.5983,215.6799,210.8071,214.4972,868874
20150616,213.9294,216.5787,210.7598,215.8218,889606
20150617,216.3422,220.6946,215.7272,219.0388,1180154
20150618,218.3292,223.7224,217.8561,219.228,1169734
20150619,219.985,228.1221,219.985,226.5609,1246683
20150622,228.0274,233.5625,227.9801,231.8594,1200444
20150623,233.0894,234.6506,228.7843,229.8724,1012795
20150624,230.3929,230.6294,223.1073,226.9393,1391070
20150625,226.8447,230.3456,224.6212,225.7567,2133914
20150626,225.7566,234.0829,223.817,232.0013,1310125
20150629,227.0813,230.109,222.3504,228.6424,1129446
20150630,229.9197,232.4271,226.4662,230.9605,1237069
20150701,232.0487,234.6033,229.8725,232.711,910674
20150702,237.4891,245.7208,235.6441,243.45,3674989
20150703,244.5381,248.2755,242.22,243.7812,2072543
20150706,242.1727,251.5398,238.7192,250.499,2088781
20150707,251.6817,257.3587,250.6409,255.7029,2130307
20150708,252.6279,258.0684,248.1809,250.1205,1609598
20150709,250.6409,251.3979,243.3554,244.4908,978448
20150710,245.0585,245.437,240.7061,243.3081,791249
20150713,243.1662,257.8319,242.9297,256.1288,1765710
20150714,257.6899,257.6899,251.729,252.1548,829584
20150715,252.1548,257.7372,251.114,253.3848,1430294
20150716,254.4256,255.088,250.7829,252.3441,761018
20150717,254.0471,255.4664,247.3766,249.0797,1051770
20150720,250.7356,254.1418,245.8155,249.6001,1278798
20150721,251.0194,252.0602,242.3146,244.4908,914013
20150722,244.5854,251.2086,241.6523,249.5055,1184053
20150723,250.6883,256.933,247.9917,248.9379,2244281
20150724,249.7421,253.101,236.1172,238.0095,4173349
20150727,237.9622,237.9622,226.277,228.1221,4121860
20150728,229.7305,229.9198,216.1056,219.843,3326656
20150729,222.7289,225.5674,219.5119,222.445,1824345
20150730,225.8039,226.5609,221.6408,223.4858,4168436
20150731,222.9654,228.3113,220.9312,225.1889,1355682
20150803,223.2965,224.9996,216.8626,217.7141,1573588
20150804,216.4841,221.7827,214.8756,220.7419,1611404
20150805,222.8235,224.2427,219.6538,222.3504,1451994
20150806,222.8235,227.3651,220.9311,224.9997,1337074
20150807,225.047,228.5951,224.0062,226.7028,1247676
20150810,225.5201,226.8447,219.9377,221.3569,995722
20150811,222.1612,222.3504,210.334,211.2329,2238455
20150812,208.7255,215.0176,208.1578,211.3748,1906887
20150813,211.3748,216.6734,211.3748,213.4091,982107
20150814,214.3553,218.5184,212.6995,217.8088,934036
20150817,218.8022,221.8773,215.7745,217.8561,896480
20150818,217.383,221.2623,217.2883,218.4238,1106748
20150819,218.471,222.3504,216.4841,217.5249,870703
20150820,217.1465,220.2215,215.2068,219.228,1326677
20150821,217.6196,218.613,210.6179,217.1465,849388
20150824,208.1578,210.7598,190.1805,204.1366,2556175
20150825,204.9408,217.6195,202.4808,211.706,1507013
20150826,211.4694,217.5722,210.0502,216.0584,823734
20150827,219.5119,220.2688,210.9963,214.3079,1018074
20150828,216.5315,218.2819,208.1578,209.1986,793142
20150831,208.1578,213.6456,204.8935,211.6114,1048835
20150901,211.7533,213.7402,191.1267,205.1774,1878887
20150902,207.6847,211.9425,204.7043,209.6717,1011683
20150903,212.4156,212.8414,206.2655,209.6244,1005268
20150904,207.3063,212.7941,203.9947,211.1856,1128234
20150907,211.9425,214.2606,205.4139,206.5966,701610
20150908,206.8332,210.1448,203.8054,208.8201,832198
20150909,211.706,217.0991,209.1513,214.8756,940053
20150910,210.0502,218.4711,210.0502,216.9099,827567
20150911,219.37,223.2966,216.4841,221.7354,998844
20150914,221.83,223.1074,218.3765,219.228,509548
20150915,220.2216,220.8366,217.1938,219.7958,638886
20150916,219.6065,228.4059,218.0453,220.8365,4586697
20150918,224.0536,226.5136,218.5658,223.1547,1011560
20150921,219.0861,224.1954,219.0861,221.215,516615
20150922,222.1138,223.9589,215.7272,218.3765,561201
20150923,211.9425,220.3161,211.9425,217.9507,539354
20150924,217.9507,225.2835,215.396,223.2492,1261571
20150928,224.0535,225.1889,218.5657,219.6538,431335
20150929,217.6196,220.7419,213.8822,217.1465,570692
20150930,219.9376,219.9376,215.7272,217.6668,495259
20151001,218.2346,221.4042,215.7272,217.2884,423877
20151005,219.3227,219.3227,215.2068,217.2411,536789
20151006,219.985,222.2558,216.7207,217.8561,666173
20151007,218.3291,231.5755,215.7272,228.4059,4895587
20151008,230.2036,234.6506,226.1824,227.507,2069303
20151009,227.8382,230.109,224.3847,226.4663,956881
20151012,226.4663,231.1025,225.0943,225.9932,763140
20151013,226.6555,232.2852,225.9932,229.9198,1209582
20151014,229.5886,232.2852,228.1221,229.494,647563
20151015,230.0144,232.7583,229.2101,230.109,920175
20151016,230.3929,235.5495,229.1629,234.2249,1031615
20151019,235.313,238.4353,232.0487,233.6572,802454
20151020,233.941,236.2591,231.5283,232.711,702116
20151021,233.1368,240.8481,232.0487,239.618,1599074
20151023,241.9361,243.0715,235.6914,236.8268,1342204
20151026,237.4892,238.9084,229.9198,231.5756,689974
20151027,231.5282,267.8612,227.9327,261.9476,12287024
20151028,261.522,261.522,251.6818,257.075,6943408
20151029,255.4664,257.0276,247.2347,249.7894,4831553
20151030,249.4582,254.4256,248.1809,251.2087,2209161
20151102,252.2495,261.0489,248.2282,259.0146,3519564
20151103,262.1843,276.7554,262.1843,272.403,9209143
20151104,273.7749,273.7749,268.2398,270.3214,1521212
20151105,270.1794,270.9836,264.597,266.0635,1380939
20151106,265.9216,272.3556,264.2185,268.0505,1541927
20151109,262.0897,281.4862,260.7177,274.1534,5770018
20151110,273.9641,283.615,271.8825,280.6346,2947433
20151113,280.9184,285.4127,278.2691,280.4926,2255776
20151116,280.0668,281.9592,276.7552,279.8776,1088647
20151117,280.9657,283.5677,276.5187,278.1745,1170928
20151118,278.1745,280.7292,268.9493,270.7944,1222024
20151119,272.0244,279.1207,271.5513,278.3164,1606898
20151120,279.6884,282.7161,276.4714,277.5122,2168672
20151123,278.1745,281.3442,275.7618,278.0799,1304581
20151124,276.3295,280.3034,273.8221,274.721,1892748
20151126,275.336,285.2708,274.6737,282.0539,5014432
20151127,283.1893,290.7113,282.0066,288.8663,3716288
20151130,290.3801,292.6036,289.1501,290.4748,1979621
20151201,293.1241,293.1241,285.8859,287.7782,1391452
20151202,282.9054,282.9527,269.7063,273.6329,4169062
20151203,270.6052,272.4502,264.9281,268.2397,2352362
20151204,264.9755,270.5106,264.9755,268.5709,962933
20151207,272.1663,272.1663,265.1174,266.5839,1235150
20151208,263.367,269.186,258.3523,260.3393,846591
20151209,258.305,261.0962,253.101,256.1288,1262809
20151210,257.4061,264.3131,253.6687,263.7454,1729108
20151211,265.0228,265.9217,257.4534,259.2512,1232711
20151214,256.6019,263.7455,256.6019,260.0554,866104
20151215,262.0897,270.5106,259.2984,269.7063,1980982
20151216,271.0783,271.0783,265.4486,266.7259,992112
20151217,268.7129,273.2545,265.969,272.0718,1258680
20151218,271.031,272.3083,268.7128,270.6525,935652
20151221,271.5513,275.8091,270.9836,273.3964,1343765
20151222,272.4974,276.2821,271.8351,272.5447,1661851
20151223,272.9706,277.7961,272.9706,274.6264,1470158
20151224,275.0048,276.4241,269.4697,270.0847,1087369
20151228,269.659,272.261,267.9086,270.5105,1068883
20151229,271.1255,279.8303,270.3686,277.3702,2686225
20151230,278.08,278.553,274.0114,274.6264,1482887
20151231,275.6672,277.2284,273.0653,274.2007,1754040
20160101,274.3898,276.5187,269.9901,271.2202,970577
20160104,274.3899,275.2888,268.2398,271.5041,1356574
20160105,271.8825,273.6329,266.9623,271.6932,993192
20160106,272.8759,278.553,269.659,271.0309,1278055
20160107,269.4225,269.4225,260.2446,262.752,893479
20160108,262.3262,272.1191,262.3262,269.7536,923022
20160111,263.1304,273.6802,263.1304,270.3214,1095794
20160112,271.8826,276.3296,269.6118,274.5318,1707329
20160113,277.8908,278.6004,258.305,272.0718,1970432
20160114,266.1108,269.2805,261.38,267.3882,1009369
20160115,267.9559,270.0847,258.7307,263.4142,1569900
20160118,263.0357,265.1173,249.1743,259.4403,1930661
20160119,261.0962,268.8075,253.3849,267.4828,1252771
20160120,263.0358,263.0358,251.2087,260.0081,1642004
20160121,263.7928,264.9282,253.6214,259.3458,1314652
20160122,263.7927,272.4975,259.7715,270.274,1025528
20160125,272.4975,276.7553,271.5514,272.3083,1173133
20160127,274.2953,277.4177,271.7879,274.5792,1525383
20160128,275.5726,280.0669,274.4845,276.093,3102150
20160129,276.2821,279.3099,263.7927,276.5187,4792489
20160201,277.7015,286.4536,275.3361,279.5465,2038180
20160202,283.8516,285.1762,274.3899,277.5596,1504189
20160203,276.1403,278.553,269.1859,272.261,998524
20160204,274.0174,275.4891,261.8167,266.754,1749740
20160205,266.8964,277.1982,264.2379,274.7296,672536
20160208,273.4953,280.1891,270.2196,272.3559,947931
20160209,267.751,273.7326,264.8551,271.4539,1012018
20160210,270.3146,275.3468,265.947,272.5458,988626
20160211,272.4984,273.6852,260.6775,264.9501,1623701
20160212,262.4339,269.4125,256.4048,262.244,1196848
20160215,264.6653,274.3974,264.6653,270.552,858056
20160216,273.8276,273.8276,260.6774,262.2915,768983
20160217,262.2915,269.46,257.9239,267.8933,723539
20160218,268.7005,274.3499,267.2763,270.5995,938367
20160219,269.46,275.1568,268.0358,273.2104,1372073
20160222,273.4478,277.0083,270.8842,272.4509,1015086
20160223,272.4983,274.065,263.0986,266.2318,909889
20160224,263.0036,264.9025,254.9331,256.832,1958435
20160225,256.3573,257.0694,248.9514,254.126,1851480
20160226,256.3573,257.3068,247.3373,251.0403,895038
20160229,249.616,256.3098,243.0647,254.6008,1478269
20160301,255.2655,271.5489,253.1292,269.4601,2210816
20160302,275.1568,279.1446,272.3559,273.8751,1975333
20160303,273.8751,275.5841,271.2166,272.5458,778173
20160304,272.9256,280.2365,269.4125,273.6851,1930123
20160308,272.973,275.2518,266.1843,268.653,803480
20160309,268.1782,271.1215,265.4722,270.4094,738681
20160310,271.5964,273.3529,268.3682,269.4601,621809
20160311,268.1783,275.0619,268.1783,273.4004,890517
20160314,274.3973,277.9578,272.1185,273.8751,1627429
20160315,273.8751,274.3023,270.1247,271.359,1005353
20160316,271.359,272.9731,268.653,269.5075,859581
20160317,272.8006,272.896,270.1279,270.9393,779319
20160318,270.987,275.6164,269.6507,274.3278,615719
20160321,274.9005,293.0363,273.946,291.4136,2844198
20160322,293.0363,304.0132,292.0818,302.8201,5133647
20160323,302.0565,303.4405,293.4181,295.3749,2388530
20160328,296.8543,306.2086,295.8521,300.8156,3373334
20160329,304.4905,304.9678,298.5248,301.3406,2689887
20160330,302.8678,311.5062,302.5815,306.5427,3551028
20160331,308.2609,310.9813,303.727,308.1177,1860426
20160401,308.3086,314.5129,304.8246,309.7881,4109527
20160404,311.6494,312.9857,307.8313,309.5972,1317694
20160405,308.3086,308.3086,298.2861,299.9565,1422528
20160406,300.7679,304.0133,299.7179,301.3406,1445094
20160407,301.627,303.7269,295.9953,299.4793,1179146
20160408,298.3816,302.2951,297.618,298.7634,933012
20160411,299.7179,303.011,296.043,300.7201,1208469
20160412,303.536,307.6881,303.011,304.2996,1606340
20160413,309.2631,314.7993,305.8746,311.888,2029123
20160418,312.5562,319.4764,309.3108,318.7606,2220871
20160420,319.6673,325.3467,317.1856,319.9537,2406647
20160421,318.7605,320.24,307.5927,310.0267,2598664
20160422,307.4017,318.5219,305.5882,316.3742,2720399
20160425,314.4175,314.4175,306.3995,308.4995,631548
20160426,307.4018,316.0402,303.1065,315.1812,1571013
20160427,314.7516,314.9425,309.6449,312.938,1480109
20160428,314.0357,314.4175,303.2974,304.2042,1691417
20160429,304.4905,308.1654,300.0043,305.2541,1020863
20160502,301.627,308.7858,300.2907,304.4428,1172656
20160503,308.3086,310.5994,266.3576,274.3756,14135554
20160504,266.3099,282.2026,264.8781,277.4777,10887415
20160505,277.8595,284.6366,273.6119,282.7276,3220948
20160506,282.5366,288.3592,280.7231,286.7842,2149934
20160509,289.2183,290.316,285.9729,287.5956,1137336
20160510,288.2638,288.741,281.5822,285.4957,1471002
20160511,278.2413,288.4546,278.2413,283.4434,1477346
20160512,284.4457,285.4002,281.3435,283.0139,753323
20160513,282.4889,284.4456,280.1503,282.6798,1280536
20160516,283.6821,284.5411,277.3345,281.8207,1008405
20160517,283.0139,284.4456,279.9117,280.7708,806278
20160518,279.2913,285.3525,279.1481,284.1116,901827
20160519,283.4434,288.1683,280.6276,282.9662,1051112
20160520,281.1049,287.7388,280.6276,283.9684,824972
20160523,287.3092,287.3092,278.6232,281.6776,1865679
20160524,279.7686,283.4912,278.3368,280.9617,1122095
20160525,282.5367,284.4457,278.7186,282.7276,1258461
20160526,282.5367,289.6478,281.964,285.4957,2039276
20160527,285.4003,286.3071,275.9506,277.8596,1292327
20160530,278.814,280.5799,270.8438,274.8528,1431010
20160531,274.9005,275.4255,271.0825,271.7029,1305250
20160601,274.9006,278.7186,273.8983,275.7596,1484499
20160602,282.7275,284.4456,279.2435,283.1093,3300600
20160603,284.6843,293.9909,281.8685,284.0162,2547088
20160606,285.6388,286.2592,279.864,281.3912,946952
20160607,282.3457,284.2548,278.9572,280.4844,1998900
20160608,280.914,281.5821,275.0437,276.5232,1984224
20160609,276.6664,278.9095,274.5665,276.7141,1324754
20160610,277.1914,279.0527,272.7052,273.6597,1277187
20160613,272.037,275.855,270.8915,274.7574,782959
20160614,275.1392,278.7186,274.4233,277.0482,764507
20160615,277.5255,279.5777,276.8096,278.7663,611196
20160616,277.2868,280.5799,277.2391,278.9095,1167469
20160617,279.9118,281.0572,275.4733,279.9595,1113631
20160620,275.855,281.2003,275.4732,280.0072,585520
20160621,280.2935,283.9684,278.8617,282.7753,1211122
20160622,284.2547,286.7365,279.1481,281.5821,1577127
20160623,281.9639,282.7753,278.7186,281.9162,1013807
20160624,277.8595,285.4002,266.4053,283.6821,1312545
20160627,281.5344,288.0251,280.914,282.8707,905363
20160628,286.0683,287.3092,282.2503,283.0139,947269
20160629,284.4457,289.4092,284.1594,286.6411,1450888
20160630,291.4614,297.618,290.3637,295.4227,2819375
20160701,298.4293,302.1042,295.0885,297.4271,1616284
20160704,301.627,303.4406,297.618,299.3362,1545969
20160705,299.527,299.7656,291.7954,292.4636,1547151
20160707,292.0818,292.0818,284.5411,285.5911,2366617
20160708,286.3547,286.8797,280.2935,283.348,1109583
20160711,285.4002,288.2638,284.0162,284.9707,1186617
20160712,285.4002,292.0341,285.0184,290.9841,1255214
20160713,297.5226,297.5226,292.4636,294.3727,2858917
20160714,291.6046,292.5591,288.5979,290.6501,1650978
20160715,291.0318,296.568,287.9296,293.3704,1790590
20160718,295.2317,297.3316,286.7842,288.1205,1172056
20160719,286.3547,288.0251,283.0139,286.9752,1036818
20160720,287.3092,290.3637,286.2115,288.1683,1174490
20160721,288.0728,290.65,285.4002,286.6888,809845
20160722,286.832,289.4092,283.7298,287.2615,1988406
20160725,287.7387,288.1205,285.4956,287.2137,1840573
20160726,289.6478,300.4815,275.7119,278.0027,12078740
20160727,278.0504,282.2503,272.8006,275.0437,5166259
20160728,276.3323,277.7641,273.8028,277.0482,3398855
20160729,278.289,281.9639,275.9982,278.4799,1817346
20160801,280.0549,284.1116,279.2913,281.5821,1953335
20160802,286.307,288.9319,281.2003,286.2592,3357305
20160803,286.2592,286.9751,281.9162,284.7797,1489230
20160804,286.4024,288.741,280.2458,285.5911,1303006
20160805,286.3547,291.0319,286.3547,289.3615,1080750
20160808,290.8887,293.9432,289.3138,290.6501,794415
20160809,290.6023,290.8886,283.4911,285.5433,712570
20160810,284.4456,285.8774,280.6276,283.348,922823
20160811,282.5367,286.9274,280.1027,284.398,714388
20160812,284.3979,288.6455,283.3002,285.6865,772899
20160816,286.8319,287.691,283.3479,285.7819,1167469
20160817,285.4002,299.718,285.4002,298.668,2981948
20160818,299.7179,302.1042,295.5657,297.6179,1514753
20160819,297.8089,302.5815,295.2317,297.5703,894774
20160822,297.8089,297.8566,290.316,291.7955,1130620
20160823,292.034,296.2339,290.5068,292.2249,1134199
20160824,293.5135,295.4226,291.3182,292.4636,865345
20160825,293.1317,295.8044,289.7432,292.4159,1286991
20160826,292.7022,293.3226,287.9773,289.6,767674
20160829,289.6478,299.2407,287.166,297.3793,1223678
20160830,300.6247,313.2243,300.2429,311.2198,3263919
20160831,312.7948,317.806,309.8358,311.2198,2253745
20160901,312.1267,314.4175,308.2131,312.413,1645756
20160902,321.7195,323.4854,316.1356,317.1856,2323193
20160906,320.4309,321.29,314.6084,317.7583,885742
20160907,317.2811,317.6151,313.5585,315.6107,2067143
20160908,315.9447,326.7307,313.9402,322.4831,3294803
20160909,322.6263,322.6263,312.413,314.7993,2094798
20160912,301.6269,308.6903,295.8998,306.9722,1833521
20160914,309.2631,313.5107,307.4018,311.363,971448
20160915,311.8403,313.0812,305.2541,307.545,741373
20160916,310.2176,324.249,308.4995,322.9604,5043289
20160919,325.2989,328.0193,320.2877,322.0536,2173004
20160920,321.2423,322.6263,315.5629,317.4242,1017386
20160921,317.8061,325.9672,316.2788,318.6174,2098496
20160922,323.1035,334.6532,323.1035,333.2691,3858785
20160923,336.8486,338.6621,332.1715,334.5577,3228823
20160926,332.0759,337.4212,329.7851,332.41,1441653
20160927,334.3192,335.7509,330.5488,332.0283,1712135
20160928,332.1714,341.5257,326.9216,334.9395,2532489
20160929,338.2804,340.2848,322.2922,333.5078,4628395
20160930,329.3556,351.8345,327.3989,349.2096,4329352
20161003,352.9798,365.3885,349.2572,360.4251,3278206
20161004,363.6228,367.7273,357.3708,360.282,2588516
20161005,362.6682,367.3931,356.5116,362.1432,1838703
20161006,362.7159,370.3044,359.9479,367.2022,3096282
20161007,366.4385,371.4975,362.7159,368.6339,1961307
20161010,370.9248,375.6019,368.968,370.8771,1247661
20161013,370.2566,370.2566,362.9546,367.5363,1586464
20161014,370.352,373.836,365.9613,372.6906,1242560
20161017,373.1201,376.0791,367.4885,371.5452,2062493
20161018,376.0792,383.5244,374.1701,377.0814,2231607
20161019,377.9882,378.37,371.4975,373.5974,1378425
20161020,376.8428,377.1769,372.2611,375.1724,1198309
20161021,375.2202,379.1337,372.7384,377.8928,1509614
20161024,379.1813,380.8517,375.4587,377.7496,905922
20161025,376.8429,390.397,374.6475,389.1561,2310529
20161026,388.9652,392.5446,378.0837,381.7586,2155079
20161027,382.7131,400.8966,369.6362,393.3559,9380056
20161028,396.9831,397.0308,383.9539,386.5789,3136287
20161101,392.8786,392.9741,383.7153,385.3857,1954407
20161102,383.6676,389.8242,379.1813,382.5699,1576538
20161103,386.9744,388.267,374.3832,375.8195,3592297
20161104,376.2983,380.7028,370.7926,376.011,1141253
20161107,381.0858,382.0433,371.5108,373.0907,995524
20161108,377.2557,377.2557,369.2127,374.3353,1211557
20161109,339.4345,367.6329,336.945,363.5635,3266911
20161110,367.6807,373.33,360.6431,363.0368,1595511
20161111,359.0632,359.0632,336.9449,346.4242,3159026
20161115,345.6582,345.6582,323.6356,332.7319,2398759
20161116,337.663,347.5253,330.9127,343.4559,1737436
20161117,338.9557,352.3607,330.5297,347.4774,2130082
20161118,347.5732,349.2967,341.4452,346.3763,1217518
20161121,345.1315,345.1315,327.1305,330.003,1811722
20161122,331.535,337.9024,329.62,334.599,747137
20161123,336.9928,341.8282,331.8702,340.1047,1202353
20161124,338.9557,348.5307,333.2107,344.6528,1757289
20161125,342.5942,344.1262,338.046,340.3919,1231110
20161128,333.6894,341.3495,333.6894,339.1472,665969
20161129,339.0514,346.9987,337.28,343.4559,812566
20161130,346.1369,363.3719,344.7006,358.2014,2131541
20161201,357.627,360.4995,348.9137,351.882,1167302
20161202,342.0676,349.967,341.1101,343.1208,1409758
20161205,342.7856,347.1423,337.8066,341.6845,910021
20161206,343.7432,345.4188,338.9557,339.8653,747985
20161207,340.8707,347.6211,339.0514,345.2752,916952
20161208,348.4828,349.2967,345.754,347.8604,787129
20161209,350.2542,351.2596,345.1794,348.0041,592786
20161212,347.9083,353.1267,342.3548,351.9298,738597
20161213,352.5043,368.0159,351.4032,365.9572,3136157
20161214,366.1487,370.9362,362.3187,363.9944,2958083
20161215,360.2122,364.8082,357.7705,363.2762,615476
20161216,362.8932,367.2977,358.1536,362.1272,603536
20161219,362.3187,364.8082,358.4887,360.1165,550972
20161220,360.5952,361.457,353.9406,354.8023,664140
20161221,354.2757,357.1961,354.2279,355.329,797108
20161222,353.3182,358.8238,349.4882,351.5468,1246719
20161223,350.4457,355.9992,348.7222,354.8981,683545
20161226,354.8981,354.8981,349.7276,351.0202,381140
20161227,346.6635,348.5307,334.5033,336.7055,1510214
20161228,334.2639,341.541,331.6787,338.4291,1529496
20161229,338.3812,352.265,333.0192,349.1531,2550664
20161230,348.435,351.4032,343.2166,345.1795,917360
20170102,342.0197,353.7012,340.2962,352.0256,1099942
20170103,341.4931,367.8244,341.4931,361.3612,2784655
20170104,360.9782,361.7442,356.1907,359.3026,818943
20170105,360.9303,373.1384,360.26,368.4467,2392687
20170106,369.5,376.1547,368.3989,370.649,1746493
20170109,370.6011,372.7076,366.5796,368.3989,671414
20170110,368.6383,372.2289,366.053,367.1541,950940
20170111,367.3935,369.9309,363.1805,364.3295,943941
20170112,365.67,373.4258,361.6485,371.8938,1098757
20170113,372.7076,374.1439,366.053,367.6329,450184
20170116,365.8615,367.9201,363.5156,366.4839,564377
20170117,366.7233,368.8298,359.542,362.2709,789144
20170118,361.074,368.5425,361.074,366.8669,638437
20170119,369.0691,375.0535,363.3241,373.3779,1368799
20170120,372.947,375.5801,362.0793,362.989,716544
20170123,365.1912,367.6807,362.5102,364.8082,735089
20170124,365.287,385.6339,362.3666,383.3838,6170046
20170125,385.8733,387.7883,374.9577,376.1067,2272445
20170127,377.2558,380.99,373.2821,375.6759,844522
20170130,375.5801,375.5801,369.9309,372.0374,690580
20170131,370.5532,371.8937,367.4892,369.7872,581606
20170201,369.2127,379.5059,365.287,377.4951,989115
20170202,377.7345,382.139,371.3671,372.8991,1502951
20170203,374.3832,376.6812,371.8937,374.8141,760775
20170206,374.4311,389.6075,373.33,379.2186,2338422
20170207,379.6495,381.5645,373.713,375.8195,956138
20170208,377.7345,384.9158,376.0589,380.7507,1251734
20170209,382.522,392.097,378.2611,390.6608,1544159
20170210,394.4908,401.2412,392.7194,394.012,2344071
20170213,393.5811,397.7463,390.3256,393.9641,948627
20170214,395.4483,396.8846,391.9534,392.5758,765068
20170215,393.5333,398.9911,391.6183,392.9109,1262376
20170216,392.9109,405.885,384.2934,404.4488,1668124
20170217,406.9383,411.247,405.5499,407.6086,1547785
20170220,410.4811,410.4811,404.6882,407.6086,778571
20170221,407.8959,415.0772,407.4171,410.146,1342149
20170222,409.8587,415.0771,406.3638,409.0927,1452388
20170223,408.9491,417.7581,407.4171,414.5983,1516412
20170227,410.7683,424.5084,410.7683,417.2314,1480789
20170228,419.7688,421.0135,409.3799,410.481,503685
20170301,410.4811,411.8694,405.1191,407.1777,1017861
20170302,406.0286,413.7844,404.1615,408.3267,775887
20170303,409.8108,412.6833,406.0766,411.295,429125
20170306,413.6408,415.0292,406.4595,407.8479,949800
20170307,410.6247,410.6247,403.635,407.082,1139860
20170308,407.7043,407.7043,396.4058,400.2836,876197
20170309,401.4805,404.5446,397.6027,401.6721,900745
20170310,405.0233,410.6247,401.672,407.2734,921706
20170314,414.7639,421.8703,411.0186,419.5655,1975637
20170315,422.3025,423.3588,416.8286,421.8223,1092268
20170316,423.9351,425.8557,419.9977,421.0061,627698
20170317,420.1418,427.9684,418.2212,425.4236,1045042
20170320,426.672,427.2962,420.1418,422.0144,438610
20170321,424.0791,424.0791,418.7973,421.1982,385767
20170322,420.574,425.8077,412.9874,414.3799,1424841
20170323,414.5239,414.5239,404.6806,410.7787,1748756
20170324,412.8913,413.7076,408.2338,410.1544,848812
20170327,412.3631,414.956,408.9059,412.6512,573399
20170328,412.8434,417.1648,412.8434,415.3402,378301
20170329,415.8203,419.9978,407.7536,413.6596,1516598
20170330,411.0187,424.4633,410.0584,418.6053,2675672
20170331,417.741,419.4695,412.8913,413.7076,907573
20170403,413.7076,420.0937,413.5155,418.7973,427113
20170405,422.1585,435.8911,420.6699,434.5466,2007411
20170406,434.7387,434.7387,429.889,432.77,644462
20170407,428.3045,455.1936,428.3045,449.8158,3580698
20170410,449.4316,458.6027,448.4713,455.3857,1519332
20170411,451.4003,456.154,448.4714,455.0016,481618
20170412,455.4817,458.2667,443.0455,456.25,958661
20170413,453.273,456.9702,450.392,455.1936,277980
20170417,451.3523,456.1539,448.4713,454.0892,361253
20170418,455.1936,460.8595,449.5757,451.8325,826647
20170419,450.1999,456.9222,449.9598,452.4087,484579
20170420,453.9452,473.3437,452.3126,469.6945,2390246
20170421,474.9763,485.5398,461.6278,463.0202,1853886
20170424,465.1329,470.7508,461.3877,466.4294,744361
20170425,469.9826,470.9909,466.0933,469.9346,362335
20170426,472.4794,485.5879,472.4794,482.6108,2699912
20170427,482.5629,497.9761,463.5004,482.851,8208561
20170428,472.4794,482.3228,470.5588,476.3207,4104692
20170502,474.8803,479.6819,471.135,475.8406,1126915
20170503,485.924,486.2121,475.8406,477.9533,1086064
20170504,477.089,482.995,472.0473,477.5211,734467
20170505,475.3605,481.0264,471.5192,472.5755,693024
20170508,472.5755,484.9636,471.9993,482.5628,1077602
20170509,483.043,483.043,477.7132,478.9136,961445
20170510,479.3938,482.0346,472.3354,474.9282,2435729
20170511,477.7612,484.0033,475.4565,479.922,1317052
20170512,485.924,498.8404,478.7696,496.1995,1865039
20170515,497.5439,505.9948,497.4479,503.8821,1441277
20170516,505.0345,516.2223,503.2099,511.5167,1005827
20170517,510.6044,513.7734,506.0908,511.4206,431565
20170518,508.0114,512.2849,504.4102,506.811,766380
20170519,508.9717,514.2535,499.1764,504.6502,1309845
20170522,505.3225,509.5479,502.5855,506.859,900113
20170523,505.1305,508.5396,496.7277,503.8341,674249
20170524,504.3142,508.2515,500.3288,504.1701,607178
20170525,507.9154,524.3369,507.0511,521.504,2032139
20170526,523.3766,527.2178,512.1408,513.3892,1008828
20170529,513.0532,520.3516,506.8591,512.7171,860400
20170530,512.573,522.8485,507.6754,519.5834,690977
20170531,520.4957,523.3286,513.7734,516.9424,1075853
20170601,515.6941,519.4394,509.3079,512.5731,654239
20170602,532.0196,542.151,516.6544,518.8632,6006074
20170605,519.3912,524.625,513.8693,520.8798,1090942
20170606,521.744,521.84,511.5166,514.9737,649833
20170607,515.694,517.0865,512.6209,514.8777,669965
20170608,518.527,524.1449,513.7734,522.5123,600509
20170609,525.6814,532.0195,518.2388,530.483,1438806
20170612,529.1385,535.5727,523.3765,530.579,850817
20170613,532.4996,540.6623,532.2115,533.5559,995312
20170614,530.243,531.8755,521.8402,525.2013,553223
20170615,525.2013,525.2013,517.1826,519.1032,972200
20170616,519.5353,529.6187,519.1031,528.4663,865807
20170619,532.0194,534.5162,528.1781,529.9067,794122
20170620,528.2263,532.6438,524.9612,526.4017,629893
20170621,525.2973,527.9862,521.9842,524.337,540789
20170622,523.3766,527.602,519.0071,520.9758,543280
20170623,521.3599,522.8484,509.9321,515.0698,391856
20170627,519.0552,519.0552,503.69,512.8611,685399
20170628,513.2932,516.3663,509.0198,513.6293,562204
20170629,515.2137,526.3535,515.2137,523.8087,1515966
20170630,525.1052,529.1385,520.4956,527.41,582670
20170703,529.9068,535.8608,525.4893,530.4349,1146087
20170704,533.9403,534.4204,525.5374,529.5708,334628
20170705,528.7543,529.7627,521.6,525.5853,910169
20170706,525.5854,536.437,525.5854,533.412,764505
20170707,532.3077,552.8587,530.195,550.6979,2051538
20170710,553.4828,556.6999,546.7605,548.4891,113144
20170711,550.2177,553.0507,542.8232,544.4557,650900
20170712,548.3451,548.8732,538.8378,541.8149,657227
20170713,542.6311,550.2657,541.6708,549.1133,628416
20170714,549.1133,550.2657,541.5748,546.9046,456553
20170717,549.1132,553.5307,544.5037,549.2093,585191
20170718,550.1216,557.228,544.1196,548.7292,777195
20170719,548.3451,553.1468,543.5435,550.89,392617
20170720,550.3617,553.0026,547.4808,549.5455,303172
20170721,549.3053,552.9545,543.4473,549.4974,412816
20170724,554.107,557.6122,548.9212,554.3951,487586
20170725,555.3554,557.6602,546.1364,547.6729,988773
20170726,549.3054,550.6978,545.9922,547.9609,757099
20170727,550.2657,555.3554,544.2156,552.4264,3503291
20170728,547.5767,562.7498,547.5767,559.8209,991118
20170731,559.8689,563.134,557.9002,559.0046,354678
20170801,562.4138,575.8584,559.0527,572.7373,1291424
20170802,571.3928,572.3532,562.8459,567.1194,520377
20170803,567.1673,572.3531,558.4284,563.4221,426796
20170804,565.1508,579.4116,563.9024,575.5223,1478231
20170807,576.1944,582.0044,574.2738,578.9794,598149
20170808,579.0754,586.2298,570.4325,571.6809,568562
20170809,571.2007,576.0984,564.6705,567.2634,580251
20170810,566.3031,567.8876,548.7292,557.7082,1369241
20170811,547.9129,551.9943,506.715,515.502,4190408
20170814,521.504,537.7815,521.504,531.8755,1734931
20170816,535.3807,566.0631,535.3807,562.0777,2147466
20170817,563.1341,568.896,554.107,557.036,692157
20170818,552.2824,563.7103,548.2491,561.4055,1496970
20170821,564.4304,565.6308,547.1446,551.5621,684100
20170822,551.7062,562.7499,549.2094,559.4848,1819737
20170823,561.3575,564.3826,551.4182,561.4055,905000
20170824,561.4055,572.7853,555.6916,571.5369,613152
20170828,571.4888,583.3968,569.9523,580.6599,1123058
20170829,578.1151,578.1151,568.944,570.9606,600362
20170830,572.3531,590.0711,572.3531,586.3258,2623217
20170831,582.9167,587.1422,577.635,579.7477,2173093
20170901,581.4762,587.7183,581.4762,584.1171,1585376
20170904,596.3613,599.9145,581.7164,590.0232,2530325
20170905,588.6786,593.2401,584.9333,588.4385,855733
20170906,585.7977,598.2819,582.5326,595.7371,1112978
20170907,598.2819,614.9435,593.5762,607.2609,1813127
20170908,611.4383,615.5676,606.2045,609.7577,912634
20170911,609.8058,621.4257,609.8058,613.5991,2072229
20170912,617.9686,620.3694,613.7912,616.384,512102
20170913,616.528,623.0102,610.8141,612.4946,420179
20170914,613.551,618.1605,610.3338,615.3755,397591
20170915,614.5594,629.4924,612.2066,625.507,1047697
20170918,634.2941,639.0957,628.052,636.5028,886661
20170919,638.6155,639.8639,631.4131,632.3254,609649
20170920,632.8535,636.6948,626.8035,628.9162,454850
20170921,630.7889,633.814,623.0583,624.7389,677657
20170922,619.9851,624.2106,602.6993,610.9581,1081607
20170925,615.5678,621.1377,595.449,617.9206,907950
20170926,623.2503,625.8432,615.5677,621.0895,864423
20170927,625.171,636.1187,613.455,618.9289,1938157
20170928,624.2107,624.2107,605.5804,619.121,941380
20170929,619.4089,634.7741,618.4486,630.9808,1120919
20171003,637.7511,645.3377,622.482,627.5717,1186931
20171004,630.9328,632.2292,625.411,628.0038,511430
20171005,627.8118,632.0853,623.2503,629.0122,343756
20171006,629.5885,639.5759,625.9873,633.718,1299620
20171009,634.294,652.9243,634.294,650.5715,1574492
20171010,653.8847,662.3355,653.0203,659.0704,2074706
20171011,658.5423,663.728,654.0767,657.0538,980420
20171012,659.7424,666.4647,658.7821,664.8322,710236
20171013,667.9054,675.588,665.6486,671.9868,2920539
20171016,675.0118,675.9721,669.1538,671.9868,912654
20171017,672.1307,672.1307,660.9909,661.9993,575302
20171018,665.0243,669.5859,661.6632,662.5755,655674
20171019,662.6235,667.3772,651.0517,656.5255,152258
20171023,658.7823,664.2082,654.2688,658.6863,495589
20171024,660.7029,669.0097,657.3418,666.7529,431587
20171025,668.4336,670.7864,661.9034,665.4566,434209
20171026,665.4565,697.1952,664.4482,693.2579,2276124
20171027,689.9928,693.9301,683.3665,687.3999,570527
20171030,690.4729,699.5,689.1284,693.9301,570610
20171031,695.2746,703.3413,691.5293,694.6024,604965
20171101,699.116,700.9886,674.6277,681.0139,3493208
20171102,681.8301,690.6651,675.2038,680.4376,2463976
20171103,685.6713,685.6713,661.4712,667.3292,1078546
20171106,666.4649,681.3019,661.1831,678.709,882302
20171107,681.7341,689.4167,672.2269,680.0535,1044290
20171108,683.9539,683.9539,665.5116,668.0637,643421
20171109,664.5004,673.6493,655.3514,668.6896,1637061
20171110,667.2931,686.7466,661.4185,682.5092,729337
20171113,683.7612,688.2394,667.0042,672.9751,572856
20171114,673.9381,682.7018,671.4342,675.6716,337637
20171115,674.1307,676.4421,665.4633,672.1565,1217171
20171116,664.5003,683.2797,664.5003,680.4387,949726
20171117,683.7612,697.2438,679.572,682.124,826909
20171120,682.7019,688.0949,680.7758,682.8463,345594
20171121,684.5798,687.6134,673.264,682.0278,487068
20171122,683.6167,694.8362,681.8351,692.1878,956260
20171123,693.1509,711.5932,689.8765,709.2337,1777759
20171124,712.6043,716.4565,709.7633,712.4598,1040640
20171127,711.3042,719.3938,703.2147,717.1788,649679
20171128,718.4307,720.742,712.2191,715.7823,592592
20171129,715.4453,715.7824,706.3927,709.33,477368
20171130,707.7411,708.3189,686.3134,689.8284,3049436
20171201,697.3401,703.9851,694.5954,697.8698,1140314
20171204,689.6358,703.0221,684.7243,699.4107,913020
20171205,702.9258,714.097,693.5361,710.2449,689508
20171206,711.9783,717.9973,706.3927,707.741,1632049
20171207,713.6155,725.6055,709.2818,721.7051,886519
20171208,728.8316,729.9873,717.7085,720.9828,655292
20171211,722.2829,731.7207,719.6827,727.7241,803294
20171212,729.9874,737.6917,726.1352,732.1061,831834
20171213,731.8652,731.8652,716.5046,718.2381,373929
20171214,718.527,723.5349,714.8193,721.4644,446894
20171215,724.5944,741.4476,724.2091,732.1542,677844
20171218,728.9761,742.5068,717.9974,734.4655,707003
20171219,736.7285,762.7307,734.8987,756.0375,1714447
20171220,756.9525,762.827,748.2851,749.537,1905554
20171221,749.537,753.8225,745.8774,748.0924,379595
20171222,748.0926,756.3748,742.5551,746.4073,711022
20171226,743.9996,747.8999,738.4621,741.3512,911181
20171227,741.3512,748.8629,734.8025,738.3658,755153
20171228,741.5438,742.1216,731.9133,734.3691,1182558
20171229,734.3691,749.2963,734.3691,742.218,539203
20180101,745.2516,747.4666,734.5136,738.1251,240613
20180102,755.0265,765.0903,737.6917,746.2146,2759168
20180103,754.9783,754.9783,738.5102,741.3994,663896
20180104,744.0478,744.3367,731.8172,738.2214,692455
20180105,738.2213,746.3591,736.8731,738.6066,472957
20180108,741.5438,742.4587,735.1395,738.7028,506381
20180109,742.2662,754.0634,738.7029,742.0254,1195107
20180110,742.0252,747.1775,736.2951,739.088,652353
20180111,739.088,741.5437,725.3646,727.4351,698032
20180112,726.1351,726.1351,712.6525,722.6682,1787748
20180115,725.2203,729.0244,709.7635,713.086,661617
20180116,711.8821,713.0377,689.7802,695.8474,835847
20180117,695.8473,708.8003,682.7981,703.022,578686
20180118,712.6526,712.6526,677.9349,693.3436,1016503
20180119,692.4286,694.9325,681.8833,688.769,465416
20180122,688.5764,696.2326,683.9057,688.5764,434972
20180123,691.3692,694.162,678.5606,680.0534,799914
20180124,679.8128,690.1173,677.5977,680.5832,493029
20180125,683.5204,691.4655,676.8753,678.5607,1653212
20180129,679.9089,694.5954,679.9089,692.91,788187
20180130,697.6291,702.5406,668.4006,687.5652,3974959
20180131,684.0501,685.6873,658.2405,671.049,2395174
20180201,670.2786,671.049,643.6986,646.3951,1412636
20180202,645.9136,646.8766,616.4926,621.4041,1585891
20180205,612.4959,636.572,597.0872,634.0199,1045696
20180206,599.5911,640.1834,577.6337,626.3638,1433863
20180207,634.02,643.7949,622.4153,624.534,532708
20180208,622.6561,645.2395,620.8264,641.58,792373
20180209,632.4791,647.1655,626.7971,640.2316,914427
20180212,641.1946,648.8508,635.6089,636.8127,345065
20180214,638.2091,644.2763,625.9785,629.8306,272224
20180215,633.5866,637.0535,624.0525,631.8531,641082
20180216,631.9976,636.572,623.1376,630.5049,606815
20180219,634.3571,634.3571,612.9775,628.5307,631963
20180220,628.5307,630.5049,620.2003,626.749,664601
20180221,630.7938,630.7938,604.8398,613.6998,1024992
20180222,613.5553,618.7557,602.047,608.066,1832814
20180223,611.4366,645.2395,611.3403,643.1689,1229159
20180226,643.7948,660.6481,642.3503,655.6884,898086
20180227,659.6852,661.6113,648.4176,651.9808,690656
20180228,644.7579,657.7109,643.3134,655.7848,742459
20180301,652.9439,661.4668,650.3437,652.3661,790120
20180305,656.796,660.7927,636.6684,641.1465,1246641
20180306,642.5457,649.5897,617.554,621.7997,1045478
20180307,617.5058,621.5585,607.953,611.5233,596530
20180308,615.6242,626.1902,599.1722,623.8261,911104
20180309,626.5278,630.0981,613.1154,623.4883,731117
20180312,631.063,633.7165,619.4838,627.2997,438550
20180313,626.9139,635.357,613.2119,619.0979,588964
20180314,613.0188,623.633,608.8697,619.9181,975347
20180315,617.554,628.9401,617.554,621.076,665551
20180316,622.3305,622.3305,606.6022,609.6417,737419
20180319,608.8697,612.4882,584.264,592.7554,1083263
20180320,591.5009,605.5888,586.1938,600.9089,700933
20180321,603.2732,606.2644,591.115,594.0098,550930
20180322,594.3957,602.7424,580.935,584.7465,696831
20180323,574.1323,592.0317,526.2718,585.0842,1189441
20180326,586.6763,599.8958,581.2727,597.4835,696742
20180327,603.08,605.9266,593.5272,595.4088,409706
20180328,589.1368,600.1853,586.6763,597.58,739538
20180402,599.2204,641.6772,598.2554,637.2868,1719311
20180403,634.9227,635.0192,619.3391,625.4664,736777
20180404,631.063,631.9315,620.4488,623.3918,811872
20180405,626.1418,633.4753,621.1724,626.3348,737235
20180406,633.7648,633.7648,615.6242,622.8129,532375
20180409,622.5718,627.5894,619.484,624.8876,721067
20180410,627.2033,629.2296,615.6242,618.0365,374068
20180411,623.054,623.054,606.0712,607.8564,1042835
20180412,605.975,623.3437,603.5627,618.8568,912161
20180413,623.1988,647.7562,615.6724,638.5894,2919234
20180416,631.0631,653.7389,630.0982,651.9055,2118216
20180417,653.8352,665.7521,647.6115,649.7343,2193470
20180418,648.7211,654.6072,641.6772,649.9273,1117965
20180419,648.8177,658.0328,647.6115,650.7476,419597
20180420,650.651,653.0633,639.3131,644.1378,560711
20180423,644.572,657.1161,637.8175,640.1816,834179
20180424,640.9054,647.5634,637.3834,639.6027,726574
20180425,638.7824,644.7167,631.2077,633.6201,540235
20180426,634.9227,639.4579,621.7997,626.1901,1509499
20180427,627.1069,646.9844,626.1902,643.4141,745160
20180430,649.3484,649.3484,640.7606,643.9931,404364
20180502,650.9405,650.9405,610.4618,616.2031,992251
20180503,621.2207,621.2207,603.2249,616.2514,899907
20180504,617.554,621.3655,586.6763,594.444,1794176
20180507,601.8257,607.76,589.8606,605.6854,755242
20180508,606.9398,616.2514,599.9923,603.8521,983685
20180509,604.1414,607.4704,597.9659,599.6545,393257
20180510,601.1502,605.1547,592.4659,597.001,610367
20180511,599.9923,607.8565,597.3388,604.045,609262
20180514,607.9047,609.6416,594.8782,597.58,402871
20180515,602.5977,607.1329,591.4528,598.4485,434876
20180516,601.1502,609.8346,559.7548,589.8605,8271451
20180517,569.3077,586.1457,563.3734,569.549,5218310
20180518,569.3077,569.3077,537.7545,554.8337,3687168
20180521,554.0617,555.7504,534.1842,544.2677,1353643
20180522,547.1143,555.3645,543.2546,546.0046,605520
20180523,547.1143,556.6671,542.5308,546.0529,1161912
20180524,548.0792,550.4432,519.1313,523.5217,1459929
20180525,522.0744,549.4302,517.9735,544.0748,1655069
20180528,550.4915,570.2725,543.6887,565.0136,1322798
20180529,564.3866,580.1149,559.4172,574.7112,1618721
20180530,570.2726,588.365,559.8514,584.843,1886295
20180531,588.5579,588.5579,564.0005,566.7505,1046499
20180601,570.1761,578.378,563.5181,575.9657,1562971
20180604,579.4393,582.8166,543.2545,546.5836,1204756
20180605,548.0792,555.7021,539.4431,545.7151,736851
20180606,550.4915,557.5355,538.6229,546.0529,864218
20180607,548.0791,558.2591,548.0791,554.5924,970963
20180608,554.5924,565.2548,548.3204,562.36,751995
20180611,565.1584,572.2024,556.9083,563.2768,759852
20180612,564.483,568.0533,557.825,561.6365,482285
20180613,563.4216,565.448,555.1715,557.825,399291
20180614,555.7986,567.2813,549.4784,563.7111,765201
20180615,563.518,570.755,556.5223,562.4566,618934
20180618,566.4129,580.8868,564.7725,575.9657,1786122
20180619,576.6894,576.8823,561.2505,564.1453,629311
20180620,562.6013,570.2725,558.2109,564.5312,574776
20180621,562.6014,569.8866,555.3162,562.7462,446125
20180622,559.3689,565.8339,557.1978,562.2155,265494
20180625,559.1758,583.7332,559.0793,576.5927,1368272
20180626,574.1323,575.5797,559.7066,564.9172,1315036
20180627,560.8646,564.2418,539.1055,550.2504,951698
20180628,542.4344,553.3863,533.2193,538.1404,1531928
20180629,539.3948,542.4826,528.6359,533.4605,1242629
20180702,543.8817,550.9739,530.228,536.6448,1510101
20180703,532.8334,545.1844,532.6404,541.4695,567046
20180704,543.2546,564.483,540.5528,561.0093,816786
20180705,562.5049,563.325,548.031,550.4915,788747
20180706,549.4783,568.1496,548.5616,556.5705,988596
20180709,560.1408,573.1674,558.6935,567.9085,1164347
20180710,567.9085,574.3253,561.6847,564.3865,968599
20180711,564.5794,567.619,556.7636,560.3338,614873
20180712,561.5882,571.8647,554.8337,558.2109,1000782
20180713,560.6233,565.9304,548.7065,563.9041,715831
20180716,561.8294,568.3909,543.2545,550.202,2288068
20180717,548.0792,559.4653,545.3774,553.1933,931648
20180718,555.3162,558.3558,541.3248,549.189,681368
20180719,550.0091,554.9302,541.373,543.3029,358637
20180720,543.3028,549.5266,540.9387,545.088,1541208
20180723,542.772,544.8467,504.8021,523.0392,2653013
20180724,520.0963,535.9693,511.4119,533.364,1488081
20180725,530.7105,532.6404,516.719,521.3989,1602857
20180726,520.1445,521.6401,497.2757,504.0302,2100956
20180727,505.1399,512.6181,504.6574,506.8768,898526
20180730,510.7365,510.7365,493.223,495.4906,2219226
20180731,495.9731,500.7495,489.2186,498.4818,1458118
20180801,499.8328,504.6574,490.7625,494.4774,3754297
20180802,497.9029,500.2188,490.1835,494.3809,874705
20180803,498.7714,502.7275,496.7932,502.1003,1108636
20180806,505.6224,514.0173,496.2626,509.2891,5350621
20180807,516.1401,541.566,499.8328,529.7456,11652903
20180808,523.9559,523.9559,510.0126,514.1136,2573080
20180809,515.2716,522.991,510.254,519.5656,1089845
20180810,517.2014,519.1313,511.4601,515.368,717256
20180813,510.4471,510.4953,499.8328,501.3767,848721
20180814,498.9644,505.7672,496.0696,501.1837,1083003
20180816,500.0259,504.6093,496.4556,501.0872,990486
20180817,501.7626,503.6925,496.3591,497.8065,654154
20180820,499.8328,522.2192,498.096,518.1182,9542807
20180821,522.798,530.7104,516.6708,522.1226,2441763
20180823,522.1225,529.7455,510.8329,526.3682,1644473
20180824,528.6841,533.6053,521.1577,530.2762,1674082
20180827,533.0746,548.0792,531.5789,543.4958,2176554
20180828,543.4959,552.6145,543.4959,549.5267,1652597
20180829,549.5266,554.8337,533.75,538.0439,1069352
20180830,538.9607,552.5662,538.2852,546.0046,4510797
20180831,542.3379,551.7942,539.0089,549.3819,1045290
20180903,554.8337,560.6233,543.7371,545.6669,1183487
20180904,543.8334,550.9739,534.4254,538.8159,2215676
20180905,533.7017,545.1843,529.1183,543.0132,1294221
20180906,542.772,553.8205,539.5396,549.7195,1051260
20180907,553.8687,572.6848,553.7722,569.1628,2700483
20180910,573.698,574.1322,561.7329,568.5356,1200299
20180911,568.3427,572.2024,549.9608,553.917,855074
20180912,554.3512,560.5268,548.8511,558.2592,828613
20180914,561.0093,567.9567,558.8382,566.0751,652246
20180917,566.4128,573.0225,560.8162,567.812,819932
20180918,569.3076,580.6455,567.6672,571.9129,1515167
20180919,578.6674,579.584,568.8733,578.1367,1300582
20180921,583.4921,583.4921,554.8337,572.5884,1917666
20180924,569.3076,572.2024,543.4957,554.2064,2014143
20180925,558.1145,576.4481,549.1406,571.8647,1475209
20180926,571.2375,573.1674,557.825,563.8558,1276937
20180927,563.518,570.7549,558.2591,566.3163,2358039
20180928,566.4129,566.4129,515.1269,540.4081,2287435
20181001,540.0703,546.4388,507.5522,541.6624,1501195
20181003,545.1361,549.2853,515.0304,519.5656,2737454
20181004,516.1883,516.2366,496.2625,508.9031,1417053
20181005,506.1048,506.346,480.1482,486.2755,1830748
20181008,477.6394,495.0081,461.9111,487.144,3016546
20181009,487.2888,490.087,471.9464,477.35,1213662
20181010,492.1133,522.8946,487.9159,514.4031,2326545
20181011,482.4641,503.6925,482.4641,493.8503,1274000
20181012,499.8327,518.2146,497.1792,515.368,1034777
20181015,522.0261,522.0261,502.3416,510.254,687024
20181016,510.2539,538.9123,510.2539,532.3026,1064026
20181017,539.3948,539.3948,509.482,514.2102,1308785
20181019,508.2277,513.8242,486.0826,497.9994,1054028
20181022,506.5873,511.2189,495.9731,498.1924,612295
20181023,494.0432,521.0611,479.5692,516.4295,6497120
20181024,520.9647,522.0261,495.2011,509.5302,3620494
20181025,506.5873,516.7673,497.903,500.9425,2025850
20181026,503.6925,510.64,496.2625,507.0215,876937
20181029,506.5874,538.816,505.7189,534.6185,1275868
20181030,530.8409,532.7297,518.9756,522.7047,1262296
20181031,523.0437,531.6158,518.2491,527.5477,1354172
20181101,523.4311,532.6812,518.2006,528.5646,1401683
20181102,534.6669,547.0649,527.8867,536.0714,5205371
20181105,542.1252,544.0139,534.8607,542.0283,559934
20181106,543.8685,546.5322,530.744,533.2139,640629
20181107,537.5727,537.5727,533.6983,535.0543,65678
20181109,534.6668,541.447,530.4534,538.7833,694470
20181112,538.9771,541.9313,522.0751,523.528,536419
20181113,519.2661,532.5843,518.2006,528.3709,653028
20181114,530.7924,539.8973,528.3709,536.7493,628898
20181115,532.0032,542.8516,526.2885,532.5359,1109188
20181116,531.761,538.0569,528.4193,534.2794,497783
20181119,533.3108,538.4445,529.1459,537.5243,469539
20181120,535.6355,536.6041,515.3918,521.2518,698154
20181121,519.1693,528.3709,513.503,525.4651,427138
20181122,523.0436,524.5449,509.1927,510.6456,795625
20181126,508.9989,520.6221,505.851,519.4598,721923
20181127,518.3944,528.2741,514.4716,525.562,695845
20181128,525.1262,528.8553,514.3747,518.1038,455977
20181129,518.6849,536.7008,512.2437,534.6668,1961841
20181130,534.57,542.4156,527.935,539.8973,1270341
20181203,538.9287,539.9942,529.8239,533.3108,2129752
20181204,532.7296,539.9457,527.8866,537.621,826232
20181205,535.6354,539.0255,531.3252,536.3135,1001174
20181206,532.7297,534.7153,512.1469,515.5854,719297
20181207,517.0384,527.6445,517.0384,524.4966,655734
20181210,520.1378,537.4273,516.4087,530.6471,955001
20181211,522.8984,537.5727,519.1209,534.9575,553327
20181212,531.858,556.9931,530.9378,552.6829,9249233
20181213,560.8675,561.7392,545.6605,547.5977,3391984
20181214,552.1016,557.3321,543.9654,552.1016,944532
20181217,553.1187,560.6253,552.0533,557.0415,1057663
20181218,553.6514,557.9132,547.3555,556.4603,1064867
20181219,559.8504,565.2746,554.281,558.6881,3036073
20181220,556.9447,566.5338,551.1331,561.5939,1256741
20181221,561.9813,567.9866,552.1016,554.9105,1985113
20181224,555.0558,557.2352,538.1537,540.9627,1063558
20181226,535.3449,549.1474,535.3449,541.2533,1057134
20181227,543.2875,549.5833,529.5333,532.6813,2597760
20181228,536.2166,551.569,531.7611,546.4838,1235690
20181231,549.8739,556.4119,546.29,553.3124,1059089
20190101,552.1016,555.7339,543.578,546.8228,525625
20190102,546.6774,557.5742,514.3262,518.4427,3650090
20190103,518.2007,527.4992,516.0213,520.9612,1447966
20190104,520.1378,528.7583,518.8302,523.9637,857655
20190107,526.6275,528.5647,516.6024,517.9585,629458
20190108,517.9584,523.3826,507.5944,518.3459,1321223
20190109,519.0725,527.354,515.7792,522.7047,1068861
20190110,523.0438,528.6616,520.8644,523.1891,653168
20190111,523.1889,527.3055,518.5396,523.6732,599137
20190114,522.6562,523.528,514.8106,518.1523,587034
20190115,519.9442,532.536,518.4428,526.9181,963793
20190116,527.8867,532.7297,526.9181,531.6643,535038
20190117,534.909,535.5386,525.1262,529.9692,726877
20190118,532.6328,532.6328,515.198,518.8303,479977
20190121,518.2007,523.5764,515.876,521.3486,320401
20190122,519.5567,543.3358,504.7371,536.7978,10304861
20190123,536.5557,536.5557,506.7712,514.859,4608503
20190124,511.2267,515.7792,499.7973,505.3667,1479385
20190125,503.6233,503.6233,477.1805,480.5222,2404333
20190128,478.5849,480.1831,454.4183,462.7483,2314265
20190129,464.9277,482.3625,464.4918,479.8925,1291358
20190130,482.8468,483.8154,471.7079,476.5509,878292
20190131,476.0666,491.0315,472.0469,484.2997,1301064
20190201,492.7265,515.3433,485.3167,500.4269,2508725
20190204,498.8287,498.8287,473.2577,483.9607,2229833
20190205,482.3625,491.322,477.5195,481.7329,885677
20190206,486.6728,486.6728,470.9331,473.1608,1498346
20190207,473.6451,500.669,473.6451,488.9005,2117165
20190208,484.2996,486.7696,476.0181,477.4226,868085
20190211,476.0666,476.5025,464.5403,472.6281,700436
20190212,470.933,483.0889,470.7393,474.9527,538196
20190214,468.6568,481.5876,466.768,478.8271,978670
20190215,479.4567,479.4567,460.908,464.056,940652
20190218,465.412,467.7366,452.5297,454.5637,938425
20190219,457.1789,464.9277,455.4839,458.1959,879465
20190220,460.4722,464.5887,449.6723,451.6579,1029510
20190221,454.0794,454.2731,441.0033,447.9288,1885032
20190222,451.0283,460.7628,448.4615,456.6946,1215856
20190225,457.6632,463.3779,446.6696,448.3162,1533842
20190226,446.04,447.0086,434.2231,441.7782,1555842
20190227,446.5727,454.6121,439.3083,441.7782,1715937
20190228,443.6185,449.188,436.4993,438.7271,2106648
20190301,441.6813,454.0794,441.3908,452.9655,1416873
20190305,457.0821,478.4881,454.709,474.42,2166690
20190306,480.4253,483.8154,472.7734,475.2917,1010273
20190307,479.4567,479.4567,464.9277,470.933,865720
20190308,469.9645,476.5509,467.5914,471.7079,825189
20190311,474.5168,493.9857,471.7079,489.966,1683814
20190312,493.9857,495.3417,478.7302,481.3939,1423160
20190313,481.3939,487.7867,477.1805,482.2657,1078365
20190314,482.8468,486.2369,473.1608,476.1151,874219
20190315,475.0011,493.0171,470.9815,477.7617,2780053
20190318,481.3071,482.0841,473.5362,476.3531,1023245
20190319,473.6334,473.6334,458.5288,464.8912,1950904
20190320,466.0568,466.0568,458.8688,460.7143,1017006
20190322,461.2971,465.8139,447.5039,451.7293,1200614
20190325,449.2524,454.5948,445.8526,449.738,1050718
20190326,452.1664,453.3806,444.9784,447.2611,961569
20190327,450.7094,451.6807,444.2013,445.7069,685928
20190328,446.3383,462.7542,446.3383,457.9945,1307109
20190401,461.3458,470.1365,457.5089,466.1054,1367833
20190402,468.0967,475.7704,460.6658,472.9049,1861714
20190403,472.9049,480.2386,470.2337,471.205,1381451
20190404,478.7815,480.53,469.5537,474.0705,1113778
20190405,474.5561,478.4416,470.2822,471.3507,934753
20190408,474.8961,474.8961,463.9198,466.8824,685901
20190409,467.2224,470.1365,461.5886,468.6309,862802
20190410,467.271,474.4105,467.271,468.3881,766345
20190411,468.4851,474.0219,468.4851,470.3793,671127
20190412,471.8849,487.6209,471.545,485.6782,1500868
20190415,489.4665,496.0717,486.1639,490.6321,1993384
20190416,491.0207,505.0082,489.7579,502.0942,2755860
20190418,505.2025,508.8451,499.6658,503.5026,1600018
20190422,502.6284,506.9023,490.7778,498.5972,1104711
20190423,500.2486,508.7479,496.4603,498.8886,1310774
20190424,500.2971,505.591,494.6633,502.4341,994767
20190425,503.1626,507.1938,499.3743,504.3283,926815
20190426,505.1053,505.1053,487.4266,490.7778,1160732
20190430,488.1066,491.2635,470.1365,478.1502,1544751
20190502,450.7094,470.1365,439.0531,465.2312,6592885
20190503,465.2797,472.9534,455.5661,471.4964,1646387
20190506,465.2797,469.6994,460.2772,463.5313,580661
20190507,467.3196,477.9073,464.5512,475.1876,1441619
20190508,470.4279,484.9982,460.9572,479.1216,1866654
20190509,476.936,476.936,465.3768,472.1763,1687859
20190510,472.1763,475.916,460.0344,461.5399,600347
20190513,461.3943,464.3083,450.2237,451.9236,663701
20190514,448.7667,453.672,442.4528,449.5923,1134671
20190515,450.7094,455.2262,448.7666,450.5151,782812
20190516,449.738,456.4889,445.8526,451.3407,439403
20190517,450.5637,459.4516,446.9211,457.0717,939162
20190520,464.3084,484.7068,462.3656,479.2672,1035060
20190521,480.8214,492.9634,472.9534,474.8961,1648690
20190522,477.8588,477.8588,461.54,466.8339,1609609
20190523,477.9074,481.1614,462.7056,465.2797,1273300
20190524,468.1938,478.8302,465.9597,476.9846,2026997
20190527,476.9846,488.1066,474.4591,481.4043,2269177
20190528,481.7928,491.8463,479.8986,484.6583,1618100
20190529,480.3358,481.4043,471.5936,473.1477,1023711
20190530,471.1564,474.8962,465.134,466.9311,1094420
20190531,469.1652,470.0394,459.5487,465.5711,810249
20190603,465.2311,487.6209,460.9571,485.581,3095584
20190604,485.6783,497.0917,476.9846,480.5786,2088842
20190606,481.3071,484.3669,470.5251,474.7019,934200
20190607,476.1589,478.0045,464.5026,466.5424,1245883
20190610,468.8737,472.662,460.4229,462.0257,745126
20190611,465.9111,467.6595,459.6458,462.3171,760657
20190612,462.3657,462.3657,453.7206,460.3744,969860
20190613,455.9547,460.1801,452.1664,458.7716,884137
20190614,457.5089,458.4802,447.0668,450.3208,518756
20190617,450.7094,453.5749,441.9672,444.5898,738945
20190618,447.1154,448.1839,438.4217,440.8987,590233
20190619,441.0929,444.6384,423.8999,428.4167,1144457
20190620,430.3109,447.7953,427.9797,445.7555,1120925
20190621,440.073,443.2299,432.545,439.296,1121397
20190624,430.3109,438.9559,416.1777,436.5761,4014282
20190625,434.1963,434.1963,420.1602,425.1141,2127986
20190626,420.5973,428.3682,416.3719,418.4118,1962828
20190627,422.54,426.4254,414.3806,417.0032,2666027
20190628,417.6832,422.4429,413.8464,415.9348,903773
20190701,421.4715,427.154,415.8862,423.0742,1243635
20190702,420.5973,422.3458,411.8551,418.1689,2193421
20190703,417.6833,423.5114,415.7405,422.54,690459
20190704,423.4629,427.1054,417.8776,419.966,998691
20190705,422.4429,427.3968,408.9411,412.1465,1012459
20190708,412.1465,412.6321,393.0108,399.3246,1536260
20190709,395.342,416.7604,395.342,414.8177,1328288
20190710,412.2437,415.1577,398.839,405.7356,1247870
20190711,407.7269,420.5002,405.1042,418.4604,1464224
20190712,417.6832,425.9398,411.418,420.7916,1909623
20190715,422.7343,424.3856,414.8178,418.1689,654862
20190716,415.5463,417.6833,408.3582,411.418,914197
20190717,412.8265,415.7406,410.0096,411.0781,954175
20190718,411.0781,411.8066,400.8303,402.3844,850228
20190719,403.55,404.8128,380.7717,384.8514,1683306
20190722,382.3745,388.5426,366.2014,369.0669,4502957
20190723,373.9722,376.692,350.4654,359.499,10258580
20190724,356.682,361.8302,346.1428,349.7368,2843008
20190725,347.3085,356.4878,346.24,353.3795,1816332
20190726,354.5451,369.1154,351.7282,365.0843,1930642
20190729,360.4704,361.7817,345.6572,348.9598,2059939
20190730,345.9,353.4766,332.5924,334.6323,2104167
20190731,328.5613,361.3446,328.5613,357.5077,3873901
20190801,352.1167,356.2935,343.8602,348.1827,2026382
20190802,342.1603,364.1615,341.3832,361.636,3385984
20190805,356.4878,371.3496,347.1142,364.89,2130910
20190806,360.2761,376.4492,360.0819,368.6298,2204210
20190807,368.6298,374.555,356.4392,358.9648,1725732
20190808,361.7332,374.7493,351.1454,368.6298,1884649
20190809,373.0008,381.7916,369.504,377.4205,2694721
20190813,377.4205,378.3919,355.0307,358.1391,1451202
20190814,360.4704,367.7555,356.9249,361.6846,1913308
20190816,361.6846,368.6783,351.1939,366.0071,2216366
20190819,369.1154,371.0582,360.0333,360.9561,1277298
20190820,363.8702,365.1329,354.8365,358.2849,1941747
20190821,359.4019,363.9672,355.0793,357.1678,1619073
20190822,358.6248,359.3533,342.4031,346.0943,1442014
20190823,345.8029,356.9249,342.5003,355.0793,1518152
20190826,368.1441,368.1441,345.5115,356.0992,2495889
20190827,356.1478,365.0357,356.1478,359.7418,2386485
20190828,360.3732,361.3446,346.1914,349.4455,1168044
20190829,348.717,348.717,339.9748,344.0545,1233361
20190830,346.4342,349.2026,334.2437,342.8402,1603068
20190903,339.1005,353.4766,335.1665,350.7082,2351596
20190904,350.9511,359.3047,343.423,355.6621,2925355
20190905,354.5451,367.9498,351.291,359.9847,2917481
20190906,359.4019,374.6036,355.3222,370.5725,3461995
20190909,362.3159,382.5687,360.7618,377.8576,2809696
20190911,379.1204,395.0507,376.1092,391.4081,3854277
20190912,392.3794,392.3794,376.2063,378.149,2227773
20190913,380.7717,383.2001,371.0581,379.169,2665247
20190916,373.9722,379.4118,367.1727,376.1092,2080705
20190917,373.9722,379.2661,359.8875,361.5388,2443493
20190918,362.8502,366.4928,357.8963,363.2387,1698602
20190919,363.2387,367.6584,359.7418,362.9473,1512314
20190920,364.4043,421.083,359.7904,412.5351,5367498
20190923,420.5973,431.2822,403.1129,419.1403,2631802
20190924,415.6434,419.626,402.3844,406.5127,1759021
20190925,403.1129,403.1129,379.8489,390.291,2621967
20190926,390.291,411.418,386.5999,405.8813,4482199
20190927,403.0158,405.5898,394.4678,400.6845,1557592
20190930,401.4616,412.1465,391.8452,409.9124,2447415
20191001,406.027,412.3408,399.3246,407.5811,1593936
20191003,393.3994,402.8215,390.4853,393.6908,1993787
20191004,392.3308,403.1129,381.5002,384.9971,1763359
20191007,378.829,389.0282,369.7954,382.423,2029657
20191009,383.6858,389.2225,377.1291,385.58,1916445
20191010,385.3371,385.3371,371.1067,373.438,1165519
20191011,375.1378,385.5313,371.2524,382.7144,1604685
20191014,381.0146,389.0283,375.6236,386.1142,1350640
20191015,386.5999,400.1017,380.4317,398.3533,3185751
20191016,400.7817,404.6671,395.0021,399.9075,3745656
20191017,396.3134,438.8588,385.7256,427.2025,7521706
20191018,420.1116,446.8239,416.0319,443.4242,7430853
20191022,438.6646,449.738,435.2162,438.6646,2647500
20191023,440.9958,455.5661,433.5649,449.6895,2572546
20191024,447.7953,454.2063,437.5475,446.1926,1837569
20191025,439.3931,453.6234,439.3931,451.6322,1773165
20191027,456.5375,458.4802,447.7953,451.5836,236050
20191029,450.4665,469.0194,449.2038,465.3282,2250861
20191030,464.3084,486.4553,460.4715,480.6758,2995598
20191031,487.6209,489.5636,464.7455,472.7106,4501628
20191101,470.8165,474.5076,449.9323,455.809,2628138
20191104,456.5375,458.1888,439.8302,442.5985,1646975
20191105,446.8239,454.8862,441.9672,445.7069,1972191
20191106,445.7069,450.8065,441.53,447.5039,1168437
20191107,448.3295,450.6608,434.7305,436.4304,1537259
20191108,437.1104,443.3757,432.2536,439.4417,1322514
20191111,437.1104,441.4329,426.1341,433.5164,2385247
20191113,434.1963,449.9323,433.2735,446.6296,2650866
20191114,448.281,448.7181,432.2536,435.4591,1799094
20191115,438.1788,446.7268,437.3532,438.8588,1315879
20191118,439.053,442.8899,432.4478,438.8588,1664570
20191119,439.9759,442.9385,432.7878,435.022,843871
20191120,435.1677,439.4416,430.1166,435.2162,911015
20191121,437.1104,447.601,434.0506,435.5562,2749884
20191122,438.0817,440.9472,428.5625,430.2623,1622778
20191125,432.2536,445.804,429.6795,442.4529,1799285
20191126,444.6384,451.3407,438.4703,440.0244,1516097
20191127,446.4354,462.9485,440.9958,458.5774,2602641
20191128,459.8401,475.9646,456.7803,473.8276,3469572
20191129,470.1365,472.0306,456.8775,463.5798,1527483
20191202,461.1029,469.6508,448.8638,454.352,1811823
20191203,449.3009,454.5463,438.5674,442.3072,897136
20191204,441.6758,441.6758,431.5251,438.616,1294687
20191205,441.3358,446.8239,437.1104,439.2474,1093627
20191206,439.0531,441.7244,425.5513,431.428,1043581
20191209,434.1477,440.0244,423.1228,427.5911,2205088
20191210,430.2623,430.9423,421.1316,423.6086,1212047
20191211,426.2311,428.5624,418.1689,426.7654,946769
20191212,429.3881,435.0705,426.814,431.3794,962777
20191213,430.7965,448.0381,430.7965,444.2012,1858870
20191216,444.8812,446.824,433.4678,436.1876,1094491
20191217,436.1391,443.8128,434.682,438.4703,1259701
20191218,438.4703,439.9759,429.6309,432.7878,1153002
20191219,434.1963,450.5151,432.4479,443.3756,3818286
20191220,443.9099,449.4466,441.093,447.8925,1398625
20191223,448.7667,458.4317,446.2411,453.2349,2089293
20191224,453.7206,455.469,446.824,451.2436,1169554
20191226,452.5549,455.5176,443.9098,446.7268,1552187
20191227,448.4267,453.7206,445.4641,451.2922,944750
20191230,450.8065,467.9024,447.8439,464.6969,1541504
20191231,467.5624,468.0967,449.738,455.032,2123698
20200101,456.4404,458.2374,451.0008,455.1776,902225
20200102,454.4491,456.149,442.9385,446.1926,1474570
20200103,444.8327,444.8327,434.1963,439.6359,1890542
20200106,437.1104,438.9559,427.6396,434.2934,1673703
20200107,437.1104,441.3358,430.3109,435.2648,1309468
20200108,431.088,436.5276,425.9398,435.4105,1186784
20200109,437.7418,450.418,437.7418,449.0581,1127745
20200110,448.8152,457.9946,446.484,456.9261,1177820
20200113,457.5089,458.1403,450.8065,455.1291,1067092
20200114,454.692,460.8601,452.3607,458.1888,911176
20200115,457.4603,475.9161,454.7891,470.3308,1222665
20200116,474.0219,479.2672,470.6707,474.3619,1423802
20200117,475.9647,485.1925,468.0481,471.205,2613095
20200120,471.5935,472.9534,455.2262,456.7803,1227450
20200121,454.4491,456.8775,445.6097,448.1838,1139830
20200122,449.2524,455.0805,442.4043,451.2436,1201196
20200123,450.8065,456.0519,446.3383,451.0979,1172659
20200124,451.0979,460.2287,449.4466,455.469,1446483
20200127,455.469,463.1913,449.5923,451.7779,1354540
20200128,452.1664,461.2971,439.4416,448.5238,1440700
20200129,450.7093,457.9945,448.5723,456.3918,989238
20200130,454.8376,462.1714,450.3208,456.0518,1629705
20200131,457.5089,459.7916,451.6807,453.672,843524
20200203,443.9099,460.2287,441.5786,457.8003,1694927
20200204,458.4802,467.0767,437.1104,442.21,2614003
20200205,443.0842,469.1652,443.0842,449.7866,4906286
20200206,450.7094,467.2224,449.738,460.2773,2689597
20200207,462.5599,466.2025,451.4379,452.8463,1261340
20200210,452.8464,454.4006,441.4815,443.1328,862786
20200211,447.8169,450.5004,438.5463,440.1077,1022942
20200212,443.8159,444.2063,433.6671,437.2289,899763
20200213,439.9613,440.5956,430.9347,434.0574,895235
20200214,434.0574,436.741,426.5434,428.5927,814225
20200217,425.47,429.8613,417.8095,420.054,1104464
20200218,418.639,432.3009,413.7598,427.812,1737719
20200219,432.2521,435.9115,424.055,430.0565,1353692
20200220,429.8613,437.0825,426.7385,435.6676,1211994
20200224,435.6188,437.6193,425.7139,428.0072,1050427
20200225,411.808,431.2274,399.5612,425.8603,8613028
20200226,414.5405,427.2265,413.3206,424.7869,1585956
20200227,417.6632,433.2767,412.7351,428.983,2638164
20200228,410.8322,430.3492,408.7341,425.1772,2258696
20200302,425.0308,435.9115,402.5863,409.222,2266674
20200303,411.8081,419.6149,398.6341,411.9545,1973306
20200304,413.7598,417.6632,390.9249,399.9515,2691474
20200305,403.7085,407.5631,396.3897,403.9525,1096006
20200306,394.9259,406.4409,386.68,404.0989,1049346
20200309,392.4375,397.9023,378.9708,390.0467,1370754
20200311,387.6558,399.5124,382.2886,394.0476,1745488
20200312,378.5804,386.3872,357.1606,378.8244,1669093
20200313,342.5228,398.7804,340.9614,393.3645,1617971
20200316,374.2379,386.7287,367.4557,371.4567,601755
20200317,372.1913,392.5639,364.7965,377.2355,1202231
20200318,379.5862,383.3571,345.4033,355.8835,1727058
20200319,333.9927,378.6067,333.9927,355.7365,1936284
20200320,357.5975,375.6194,346.7256,371.9955,1987327
20200323,337.9105,362.3968,299.712,324.541,1619498
20200324,304.1195,347.4602,304.1195,332.4256,2368738
20200325,323.2188,340.702,318.4684,325.6674,2560659
20200326,325.1777,334.9722,306.1763,315.726,4672157
20200327,321.2598,326.1571,291.8763,297.7041,3061148
20200330,288.938,294.5698,281.1024,286.7832,1633641
20200331,290.8969,296.6757,281.1514,291.4356,1026802
20200401,291.2397,291.2887,269.349,273.4137,2763943
20200403,269.3979,272.2384,246.3319,247.7521,3325462
20200407,248.7805,272.4833,235.1662,258.9668,7046196
20200408,255.7346,282.0818,255.6366,280.025,6025235
20200409,282.0818,306.764,281.2003,299.5161,5330945
20200413,300.6914,300.6914,281.2003,283.8448,2420206
20200415,284.0407,292.7578,267.9778,270.6223,5152168
20200416,261.6113,274.2463,259.7504,270.5244,6728570
20200417,284.0407,297.5572,277.3805,294.7657,9091489
20200420,315.3342,315.3342,296.8226,301.2301,7127300
20200421,296.8716,307.5476,287.2729,304.6582,3939565
20200422,301.6708,305.05,290.1133,296.3328,6813699
20200423,296.7736,300.5935,291.6315,292.7089,2771134
20200424,291.8764,295.7942,283.1103,290.8969,4163580
20200427,292.2681,299.1243,289.1829,293.1496,2658365
20200428,294.8147,298.4876,285.363,290.2112,3994514
20200429,294.7168,304.6092,286.0976,301.5729,4271122
20200430,307.0578,327.2345,304.8051,321.6027,8219947
20200504,300.6914,306.3722,297.851,304.0705,2608605
20200505,308.527,315.2852,299.712,302.0137,2536044
20200506,296.7736,323.2188,295.3534,316.7544,5164142
20200507,314.4037,322.1414,309.8003,314.1589,3475639
20200508,317.3421,319.9866,303.7277,307.0089,2425590
20200511,312.7386,334.3845,308.527,326.9407,6946543
20200512,322.2393,337.4208,314.8934,331.2013,4095396
20200513,341.7304,352.6023,335.0212,337.8126,4259118
20200514,328.116,344.2769,328.067,335.315,3315226
20200515,336.4903,338.89,326.7448,329.1934,2133151
20200518,333.9927,333.9927,296.2839,299.5161,4232255
20200519,304.6092,307.4496,294.8637,297.1164,3170929
20200520,297.753,304.5112,294.3739,302.6503,2697725
20200521,305.6376,320.2314,305.6376,309.3105,5528405
20200522,305.5886,312.4448,301.6708,307.6944,2202572
20200526,310.437,318.1256,303.9236,315.8729,3176276
20200527,315.3832,318.3215,301.9157,316.4116,4252529
20200528,318.3215,330.4667,316.4116,326.2551,4800567
20200529,323.2187,336.9311,315.726,328.9975,8202596
20200601,334.9722,347.5581,334.0417,344.7667,4624929
20200602,341.8284,365.2862,341.4366,356.6181,7608313
20200603,363.4742,364.8454,345.5013,348.2437,2931428
20200604,347.705,355.5406,343.1506,347.9499,2252910
20200605,352.4554,355.4427,346.3828,351.7698,2134564
20200608,357.3526,360.7807,342.367,345.5013,2262737
20200609,347.2153,349.8109,339.9674,344.0321,2208068
20200610,345.7461,353.9246,335.1191,336.7842,3234792
20200611,337.9105,341.5345,322.5821,325.3736,3377816
20200612,300.8873,341.1427,300.8873,338.2534,4669968
20200615,333.3561,343.2975,329.5852,337.127,2571638
20200616,340.8489,351.0352,339.8695,346.8725,3865548
20200617,344.7667,353.5818,341.7304,352.0636,3022861
20200618,352.6023,357.4016,350.7903,356.2752,2226018
20200619,357.4996,366.3146,354.4143,361.3684,2520273
20200622,359.5564,379.0475,359.5564,375.0317,2751254
20200623,377.9701,379.0475,371.5547,373.9543,1973241
20200624,379.6351,382.9163,370.918,372.779,2327148
20200625,368.3714,384.7282,367.392,375.4235,4289771
20200626,379.929,379.929,371.2608,373.8074,1593624
20200629,373.0728,375.7663,366.3146,370.5262,1486836
20200630,374.1502,378.4108,367.7348,370.5752,1360237
20200701,370.7222,378.5578,369.3999,375.9622,1458024
20200702,379.0475,381.9369,373.3667,377.5783,2343722
20200703,379.3413,389.5276,377.1376,387.3728,3171494
20200706,391.7314,403.8276,389.3317,399.8608,3153490
20200707,401.5749,402.6523,389.3807,391.8783,2369235
20200708,394.0331,394.18,375.1297,377.0396,3319380
20200709,381.9859,382.8184,373.6605,381.692,2337567
20200710,380.9084,389.6255,375.9132,377.7742,2589115
20200713,379.6352,383.6999,376.1581,381.5451,1218851
20200714,375.1297,381.1533,369.253,374.64,1859411
20200715,376.8927,388.4012,375.2276,381.741,2249374
20200716,386.6872,386.6872,374.3951,383.455,1778220
20200717,384.0916,392.2701,380.7615,381.9369,3084182
20200720,380.4187,391.6334,379.2923,390.605,1187494
20200721,393.1516,402.5053,392.7598,394.6697,4863486
20200722,397.1673,397.1673,381.9858,389.6745,2266844
20200723,390.556,400.2526,387.7156,397.4122,2166455
20200724,394.7187,396.2368,386.8831,389.9683,1473770
20200727,389.9684,391.9762,382.5735,388.9399,883920
20200728,388.842,400.5954,387.2748,397.9019,2396705
20200729,397.6571,405.9824,389.2828,394.6697,2809274
20200730,389.8215,399.518,375.8153,393.8862,6070910
20200731,396.3348,397.6081,377.0886,379.5372,2415056
20200803,383.9447,390.9478,380.0759,388.0584,4124285
20200804,389.1848,395.894,383.6999,390.7519,2926555
20200805,396.4817,403.5337,391.9272,400.9382,2215778
20200806,406.4721,413.3282,395.1594,410.243,3667202
20200807,410.3899,421.0659,406.619,412.8385,5894342
20200810,416.2666,418.1765,406.668,410.0471,2082987
20200811,410.5858,415.2871,404.6601,408.333,2206472
20200812,408.1372,414.1118,400.6443,409.0676,3892666
20200813,412.6426,427.4323,409.4104,421.2618,5840412
20200814,423.1228,425.4735,407.0598,409.5084,2673256
20200817,421.1639,421.1639,406.5211,418.0296,2228221
20200818,417.7358,426.9916,414.9933,424.494,2195998
20200819,426.0611,433.1132,424.1022,425.7183,1802766
20200820,422.682,443.6423,418.7642,440.8018,3305777
20200821,443.2504,452.0165,437.5696,443.985,3250392
20200824,446.6296,446.6296,437.9614,439.5775,2651957
20200825,440.7529,450.5963,432.6724,436.3943,2428613
20200826,459.8032,467.198,448.7843,457.8932,15082269
20200827,457.8443,458.334,445.6501,449.7148,4260029
20200828,449.5679,453.4857,439.1368,440.508,2669472
20200831,443.6912,445.5522,420.6741,423.9553,3073232
20200901,428.4608,433.407,419.2049,431.3501,2704221
20200902,426.159,432.3296,418.2255,428.118,4147271
20200903,432.4275,436.3943,424.7878,426.4039,2264579
20200904,420.5273,432.9173,414.6995,424.9838,2765538
20200907,425.9631,432.4275,422.1923,431.3501,2519913
20200908,431.3501,432.2316,421.7025,425.0816,1759550
20200909,421.1639,432.9173,416.8543,429.1464,2166228
20200910,436.5412,436.5412,421.3597,428.9015,2276992
20200911,426.0611,437.7656,426.0611,435.121,2483654
20200914,438.9899,449.47,437.08,447.2173,2660226
20200915,448.5885,450.5474,438.4512,446.0909,1761274
20200916,446.0909,462.3008,444.4747,452.6532,4488424
20200917,450.5474,456.0323,444.8665,447.658,1436996
20200918,451.7227,458.383,445.1604,447.9028,2203254
20200921,447.9028,450.3025,437.1289,444.1809,2557312
20200922,439.2837,440.9977,423.7104,433.7498,2365716
20200923,439.7734,440.7529,425.0817,433.3091,2798035
20200924,430.5176,430.5176,417.246,426.306,1872522
20200925,429.4892,441.6344,422.731,437.7656,1880888
20200928,442.7118,464.5045,441.6833,461.7621,3661492
20200929,465.2391,471.0669,458.5789,460.5867,3186583
20200930,458.7258,469.4998,455.2977,458.6768,3188567
20201001,463.2802,479.833,462.3008,470.0385,4887073
20201005,475.0336,475.2295,455.3957,463.8189,4368513
20201006,466.2186,473.0258,460.146,461.909,2769253
20201007,460.8316,472.8788,457.4035,468.9121,2103051
20201008,471.6545,476.0131,460.6357,465.435,3911153
20201009,465.1902,469.3039,458.0402,461.8111,1863792
20201012,464.7494,468.6672,453.2409,459.3624,1938913
20201013,460.244,462.6926,448.0498,449.9108,3433208
20201014,452.5063,455.4446,444.6707,452.0655,2796831
20201015,451.0371,458.1871,446.6786,449.1762,1757817
20201016,449.0782,457.0118,446.6786,453.7306,1468252
20201019,456.4241,458.285,441.6834,445.5032,1527861
20201020,445.6501,449.9597,439.9203,442.9077,1835671
20201021,444.6707,448.5395,433.505,436.933,1483363
20201022,436.7371,443.2995,428.9995,433.3091,2944292
20201023,436.3454,441.4875,431.9868,435.5128,2775948
20201026,439.7245,439.7245,416.8543,420.87,3303472
20201027,421.6536,430.3707,413.1323,423.9553,2575999
20201028,421.2618,430.3707,416.2666,418.4704,1920024
20201029,415.8748,419.2049,412.4957,413.6711,1353650
20201030,416.2666,455.0039,416.2666,446.1399,22255239
20201102,450.0577,452.5063,437.8145,448.9803,3838425
20201103,447.5111,461.1254,443.2504,456.1302,2871768
20201104,457.3546,463.2803,453.4858,461.2724,1942382
20201105,464.1617,470.0385,458.7258,466.6594,1983243
20201106,466.8063,471.8504,462.3987,469.9895,1130841
20201109,470.6261,473.0748,465.3371,469.108,1081709
20201110,469.6466,472.8299,464.8473,469.01,1101526
20201111,469.01,480.7144,463.8679,467.6388,3449743
20201112,467.5898,473.9563,464.0638,471.8994,2209189
20201113,472.4871,475.0337,466.5124,467.9816,2090223
20201114,471.1158,472.8788,467.198,469.01,218944
20201117,469.6467,471.5566,459.6563,465.533,1778137
20201118,462.6436,475.7193,461.7621,469.6956,3313169
20201119,468.1775,479.9309,462.5946,465.3371,3076393
20201120,468.0796,471.7525,459.9991,468.6183,2018666
20201123,468.2755,469.2059,461.6152,466.9532,1686145
20201124,466.0227,468.0795,458.1381,461.8111,2305050
20201125,464.5535,469.1569,458.9707,465.386,2734379
20201126,466.7084,468.8142,462.8885,464.8964,2110962
20201127,465.3371,494.4268,465.2391,489.3826,7543390
20201201,491.6843,496.3857,482.4285,490.0682,3381249
20201202,494.6226,498.4425,475.1805,478.3148,4884416
20201203,481.7918,491.2435,477.4822,487.9134,2282894
20201204,488.7949,493.3983,482.5264,487.8644,1655404
20201207,490.7049,506.6699,486.7871,500.3525,4592922
20201208,499.7158,508.8247,495.4552,497.4141,2930920
20201209,502.1644,503.4377,486.3463,487.7665,3009637
20201210,486.787,492.223,482.8692,487.8644,1881353
20201211,495.1123,502.801,468.7651,474.2501,8424113
20201214,479.735,479.833,467.6878,477.6292,2539870
20201215,477.8251,482.3795,472.1932,474.0542,1957171
20201216,477.972,485.171,475.0826,484.1425,1927424
20201217,485.7586,489.7744,477.1884,479.9799,2845803
20201218,479.9799,484.5833,472.8788,479.0494,1773848
20201221,478.9514,478.9514,444.083,455.3466,2474224
20201222,452.5062,461.9579,436.3453,455.3466,1771722
20201223,455.4446,476.3069,450.5474,473.5645,1817407
20201224,476.6008,484.8282,467.7857,469.8915,1694333
20201228,473.7604,478.4617,469.8915,473.1727,1113366
20201229,480.0778,481.9878,472.3891,476.7477,2399446
20201230,479.3922,479.3922,470.1364,476.5028,831686
20201231,476.5028,483.8487,473.6134,475.0337,2661140
20210101,476.0131,481.8898,476.0131,480.6655,816315
20210104,487.2768,489.0888,477.5312,485.2689,2066399
20210105,482.4775,486.5422,478.021,481.596,962886
20210106,482.0857,485.024,471.8993,478.1189,1049245
20210107,483.359,495.9939,479.833,489.0398,4298543
20210108,495.994,506.3761,489.9214,502.8011,3684918
20210111,503.3398,516.5624,497.561,510.9305,4116819
20210112,510.2449,522.8798,505.8863,508.0901,4967838
20210113,507.3555,515.7298,496.5815,500.8422,2964843
20210114,504.4172,508.6778,493.6432,502.4583,1989436
20210115,502.3604,504.662,488.0603,496.8754,1219504
20210118,496.3857,496.3857,478.5597,489.4316,2431492
20210119,491.6843,504.4172,489.7254,502.2624,2052245
20210120,504.858,511.1754,496.5816,498.8833,3038458
20210121,503.3888,507.3066,494.4268,499.1281,1652594
20210122,503.4377,524.0062,501.5277,511.2243,9749796
20210125,521.9983,536.788,508.6778,531.5969,9581971
20210127,531.8417,544.1338,515.9746,520.5781,9576082
20210128,513.1344,523.6635,510.3919,518.2275,3502868
20210129,541.1465,577.6311,540.7547,549.178,33901681
20210201,549.1292,574.8887,541.4894,565.3391,6530121
20210202,570.775,613.528,570.775,608.1411,13069121
20210203,615.8297,636.4961,600.0115,631.5988,6701068
20210204,632.8272,646.5843,626.2434,641.6219,5611431
20210205,641.1796,642.6045,611.4053,617.3995,3608600
20210208,618.1856,633.515,618.1856,629.5353,2309238
20210209,630.911,648.4513,630.4688,638.8213,4238824
20210210,638.674,645.1594,627.4717,641.4745,2337229
20210211,635.6769,644.5698,625.5555,627.7665,1448318
20210212,624.9659,638.33,621.7232,625.4081,2704746
20210215,629.8792,631.4023,617.4487,619.7579,1622219
20210216,622.018,630.8618,612.388,617.9399,1943169
20210217,617.9892,620.5932,605.0673,607.9661,1891118
20210218,615.1394,615.1394,599.417,601.3332,1585892
20210219,601.3333,607.5731,588.3132,595.7322,2299305
20210222,599.2205,599.2205,570.4288,577.4056,2439920
20210223,574.8508,590.5732,574.1629,586.6917,2343076
20210224,592.8824,594.5038,574.8508,589.5414,1181173
20210225,591.5558,599.1223,582.5646,585.7582,2113293
20210226,580.1571,587.6253,577.3565,584.4316,2088159
20210301,599.417,610.0788,585.2668,605.8534,5284375
20210302,609.2435,623.885,598.4344,621.4284,2775784
20210303,621.6742,624.6713,612.1916,615.8274,2198525
20210304,610.9632,623.5902,605.2147,607.573,1548477
20210305,602.365,617.6943,602.0702,608.2118,2112801
20210308,610.0297,615.336,588.8536,590.9663,3408853
20210309,596.469,599.417,584.6772,587.4286,1766755
20210310,592.0963,606.9344,589.1975,592.6859,2342196
20210312,598.4344,598.4344,570.4288,574.0646,1975870
20210315,577.4056,583.6946,570.9201,582.0732,1440746
20210316,585.6599,588.1165,576.816,583.9894,1378743
20210317,583.6946,583.6946,563.4029,567.6774,1292779
20210318,571.9028,576.7669,555.1977,561.0936,1285083
20210319,553.2324,579.8623,551.7094,573.9172,2357434
20210322,575.6369,580.1571,566.0069,570.1341,1537729
20210323,569.9375,576.1773,565.2699,569.004,1240534
20210324,566.3999,569.79,552.348,556.8682,1340156
20210325,559.8162,559.8162,531.7616,548.5649,1982891
20210326,552.3481,563.6486,549.351,560.7498,801258
20210330,569.369,573.1615,555.2826,566.6108,2100267
20210331,570.0586,580.2048,563.5571,576.3138,1575132
20210401,583.9481,584.1451,573.5556,580.4019,1284339
20210405,581.7809,584.1943,560.0109,575.5257,1782479
20210406,580.2048,581.6824,559.5184,562.2766,1462689
20210407,563.5079,570.3542,558.5826,560.7005,1971063
20210408,565.8721,565.8721,553.7557,555.6766,1133942
20210409,552.8692,562.7198,549.1752,559.5184,1638045
20210412,551.4408,551.4408,524.7455,530.853,1066608
20210413,532.9216,541.5902,525.8291,539.7678,1372141
20210415,538.044,544.0036,524.2038,534.4977,980528
20210416,531.9365,551.0468,528.9813,542.8215,1867109
20210419,534.1037,534.1037,519.9187,531.1485,1029456
20210420,535.8768,539.3738,524.844,528.9321,1292480
20210422,520.2634,528.3409,515.8306,525.8782,1465204
20210423,525.041,529.9663,520.1156,524.8439,1411440
20210426,525.0411,546.811,522.3321,544.4469,2031184
20210427,543.7573,563.0154,538.1424,557.8438,2743217
20210428,595.9659,654.0849,588.0853,636.1566,39663387
20210429,642.264,642.5103,621.5776,624.2866,7575455
20210430,618.6225,630.4433,612.7613,621.4792,3096434
20210503,608.7717,627.8328,604.536,606.9001,3974544
20210504,613.9434,613.9434,597.7882,599.4136,2206509
20210505,600.8913,608.5748,593.6017,594.8331,1664630
20210506,595.4241,620.8881,594.9808,616.5045,4754587
20210507,622.5627,622.5627,604.2405,608.9196,1724619
20210510,614.6821,615.3225,600.9404,602.418,1429005
20210511,601.8271,620.2971,596.4585,614.9777,2354770
20210512,619.903,619.903,601.8763,605.0285,1330572
20210514,608.7718,610.6435,591.0406,593.6017,850697
20210517,598.9211,621.7746,586.1152,610.6926,3724394
20210518,613.2046,635.3686,608.5747,630.8865,4020797
20210519,628.4732,640.294,623.7449,628.1777,2664926
20210520,625.4194,635.2701,616.9478,618.5239,1230302
20210521,620.5433,626.306,614.1404,615.6672,1073140
20210524,619.0657,627.3895,609.5105,611.7762,1806155
20210525,619.0657,632.4133,614.7314,624.4343,3680651
20210526,628.4731,650.1938,621.4791,641.7222,4272201
20210527,645.2193,656.055,635.2701,640.6387,4517344
20210528,640.2939,645.3178,605.324,610.4464,4857631
20210531,614.7807,619.6075,604.2897,606.0136,2432413
20210601,610.2001,618.5732,601.1375,603.5509,2654612
20210602,600.8419,610.2493,598.2315,607.4419,1687313
20210603,609.7569,618.6225,605.9151,615.5688,2252658
20210604,615.6672,621.4298,610.9389,614.0911,2035626
20210607,635.3686,652.9521,621.1836,639.1119,6743832
20210608,639.1118,642.7073,627.1433,637.4372,1390321
20210609,638.3237,641.2789,619.1149,625.0253,2266356
20210610,627.8328,632.3149,623.5478,628.3253,802033
20210611,634.3835,634.3835,622.7105,626.9955,726583
20210614,626.3059,629.3597,607.2941,620.0015,1098798
20210615,621.4792,625.5179,617.3911,620.1,998942
20210616,619.115,623.2522,610.9389,613.0568,768101
20210617,610.6434,613.0568,596.4092,601.5808,1120821
20210618,605.7181,605.8166,584.0466,601.2853,2217548
20210621,598.9211,614.5344,593.9957,607.5404,1519504
20210622,613.1553,618.7702,606.0136,608.427,1713686
20210623,613.5001,618.6225,608.23,610.2986,1351230
20210624,610.7419,612.5642,601.3345,605.4718,999657
20210625,605.8165,617.4896,605.8165,613.0568,814313
20210628,617.0956,621.3314,609.7568,612.2687,684351
20210629,614.5837,615.3225,601.8763,603.1569,560987
20210630,608.2792,613.0075,603.4031,611.2344,1514826
20210701,615.6673,627.4881,611.6285,614.9777,3533434
20210702,616.1106,619.3613,599.1181,602.8614,2301039
20210705,608.6732,608.6732,600.0046,602.221,1711592
20210706,602.8614,609.7568,597.936,599.1674,1106888
20210707,602.8614,602.8614,592.6659,595.3256,1209816
20210708,593.9958,602.0734,587.1003,589.957,1249216
20210709,592.7645,592.9123,584.3914,590.7451,1568512
20210712,593.9466,598.8226,589.76,591.6809,1347493
20210713,595.5718,601.8762,590.6957,600.8912,2005083
20210714,602.8614,604.7823,596.951,603.9449,1252814
20210715,607.7375,607.7375,597.4435,600.2017,1115932
20210716,602.3196,606.2106,598.2315,602.5166,1218379
20210719,600.6942,600.6942,584.1451,592.4197,2316952
20210720,594.4883,594.4883,573.2108,574.3436,1729971
20210722,573.3094,580.2541,569.0736,572.6198,2264989
20210723,574.787,576.0183,565.9214,573.6541,1447539
20210726,576.8556,579.7123,572.6198,576.1168,729372
20210727,577.2496,587.0018,570.9945,572.3735,1280032
20210728,575.2794,575.2794,563.4586,567.0541,1004507
20210729,568.9258,572.8168,549.9632,553.4602,2236686
20210730,555.6274,595.9659,555.6274,570.6497,9883338
20210802,576.2645,578.0868,561.6855,563.6556,2139088
20210803,565.4288,565.4288,557.8438,563.2617,1797756
20210804,566.4139,571.2407,558.1393,560.2079,1226478
20210805,563.6557,563.7049,555.5781,559.0751,489849
20210806,561.0452,570.2556,559.2229,561.4393,1609275
20210809,562.4736,566.6109,553.8543,557.4005,675406
20210810,558.5333,562.4736,543.2648,547.5005,1311127
20210811,549.2737,554.1005,535.926,552.4752,1737537
20210812,552.6229,556.9079,542.8707,543.7573,1066784
20210813,545.7274,548.5841,539.3245,545.0871,1898186
20210816,539.3245,544.5946,495.9815,530.2126,3196518
20210817,532.1828,533.6111,515.7814,521.8888,1687108
20210818,521.1007,522.2336,513.2202,517.1605,2265646
20210820,515.1904,516.668,501.3994,502.877,1591038
20210823,506.5218,507.5561,492.5338,493.8144,1343003
20210824,495.489,502.5322,487.6084,500.4636,1716068
20210825,500.4636,516.5202,500.4636,511.4964,2806811
20210826,513.4172,514.9441,498.9367,501.5964,1187899
20210827,502.9755,505.8322,498.8382,503.468,1162494
20210830,505.3397,515.4366,497.5084,512.0381,1986619
20210831,528.9813,528.9813,510.4621,517.3083,4309112
20210901,521.1008,525.9276,515.2888,521.938,1619926
20210902,525.041,525.829,517.4067,522.2336,1142560
20210903,522.8739,537.6007,521.5933,532.3306,2265705
20210906,537.4528,541.6394,531.4932,538.2902,1460001
20210907,539.817,549.8647,533.5126,545.5304,1930617
20210908,550.6528,550.6528,535.8768,538.4379,1941273
20210909,536.6648,539.9156,530.5574,536.6156,1421480
20210913,530.5574,538.5364,530.5574,537.5021,773914
20210914,538.3394,542.6737,536.1723,541.7379,1274163
20210915,541.7871,546.4662,537.1573,540.1617,866324
20210916,541.7872,545.7275,535.5813,536.5663,1160127
20210917,540.8021,552.5737,533.4141,538.9305,3038827
20210920,536.6648,541.5409,527.1589,537.2559,1363420
20210921,537.2559,539.4723,512.2351,525.1888,2119176
20210922,527.1097,532.9216,523.0709,532.035,789554
20210923,534.8917,536.7634,529.3753,531.641,1058373
20210924,533.6111,535.4334,525.0902,529.1783,1374432
20210927,531.4439,548.6826,529.9663,546.9095,2327317
20210928,551.6871,553.5587,535.926,547.3035,1555165
20210929,541.9842,549.0274,534.9409,542.5259,966528
20210930,541.7871,550.4065,540.014,541.2454,1339499
20211001,542.6738,561.2423,536.8126,555.5289,3518568
20211004,565.4288,566.4139,549.3723,552.1304,2842764
20211005,550.6528,560.5034,546.0722,553.608,1910687
20211006,557.0557,557.5483,531.9857,535.8768,2025110
20211007,539.62,554.79,536.0737,549.4214,2873448
20211008,559.5184,560.2572,546.7618,551.3916,1781059
20211011,552.6229,558.4348,548.0916,550.702,1680108
20211012,550.6528,571.3392,550.2095,565.281,4445077
20211013,570.4033,577.8406,565.4288,568.581,1587573
20211014,570.4034,579.9093,562.5228,575.0825,2413386
20211018,575.0824,582.0765,565.3303,577.1511,2022170
20211019,583.16,589.8584,568.581,574.5406,2398150
20211020,572.3243,581.9779,562.3258,570.6497,1094973
20211021,574.1959,579.466,557.5482,568.4332,1429062
20211022,604.8315,623.4,590.0063,610.5449,18455677
20211025,609.7569,610.7419,583.2093,590.548,2875675
20211026,594.7838,619.9523,591.0406,616.5538,2525727
20211027,618.4254,619.4105,611.4315,616.5045,1380261
20211028,615.4702,646.6969,613.0076,642.2148,7408494
20211029,643.2491,671.5206,628.7194,652.6565,6069828
20211101,652.6565,668.5654,645.3178,661.2759,3395775
20211102,666.94,696.2458,666.8908,687.5772,6921074
20211103,689.5473,704.3233,685.5578,695.9995,3662182
20211104,701.3681,703.2397,694.4726,698.1666,273871
20211108,698.4129,708.7561,695.0637,701.6144,1531643
20211109,743.726,801.7958,715.8486,720.5277,25844281
20211110,720.5277,745.5484,710.874,742.2484,3682913
20211111,739.7857,754.3647,731.9544,735.8947,3344306
20211112,740.7708,740.7708,708.0666,718.1635,4094224
20211115,721.562,732.8903,719.9366,725.1575,2138789
20211116,728.95,739.5395,722.4486,727.0784,2419607
20211117,726.9799,738.0619,725.256,728.6545,1754996
20211118,729.9351,730.9201,708.7561,713.0411,1834193
20211122,713.0411,720.3307,694.4726,699.2502,1714646
20211123,685.7548,709.2486,685.7548,702.1069,1642526
20211124,722.7441,722.7441,689.8428,691.6652,2966210
20211125,691.5174,702.3532,688.907,691.0249,2020161
20211126,689.3503,689.4489,664.9207,666.6938,1323904
20211129,664.2311,684.1787,644.2342,674.0817,1687675
20211130,674.7713,684.3757,664.0833,676.2489,6521283
20211201,679.4996,687.5772,665.4132,668.0729,1802639
20211202,665.9057,672.8012,659.2565,670.0922,1032008
20211203,667.8758,675.4609,659.6998,662.2609,784522
20211206,661.4729,663.5415,648.7163,651.2775,1068384
20211207,653.3461,666.8907,653.3461,656.3013,644440
20211208,664.3788,674.328,653.7893,672.3578,879154
20211209,674.7713,675.7072,663.9356,674.4266,871861
20211210,674.7713,680.6817,668.4176,672.0624,1066005
20211213,673.7862,681.5683,663.049,665.2161,780239
20211214,666.546,666.546,647.9774,650.2924,1294853
20211215,653.0997,698.2158,653.0013,663.7385,14240307
20211216,668.3683,668.3683,623.597,627.094,6951407
20211217,624.5328,625.5671,600.8912,606.3583,3261223
20211220,595.9659,604.8315,581.1899,598.0345,2559927
20211221,599.4136,610.0523,598.0344,605.521,1412370
20211222,609.8554,615.3718,604.3883,608.033,1160140
20211223,613.6971,614.0419,607.3927,611.0867,504198
20211224,613.2538,613.5,596.9509,601.3837,1040322
20211227,598.7241,598.7241,591.0405,596.6062,868742
20211228,598.9211,605.5211,597.5913,601.4822,713046
20211229,600.8912,615.3225,593.848,613.9434,1165031
20211230,615.6672,616.6523,603.6001,606.5061,756389
20211231,606.5061,621.0851,606.5061,617.6374,728420
20220103,615.6672,623.4985,607.0971,619.8538,1188070
20220104,621.5776,626.0596,617.1448,621.0358,574936
20220105,623.3508,634.5806,620.0016,629.1627,1056096
20220106,625.5179,640.2939,620.5926,639.2104,1042775
20220107,641.1313,644.2342,627.7344,631.4776,715951
20220110,635.3686,643.2492,632.9059,640.0969,771849
20220111,637.3387,643.0521,631.5761,633.103,389969
20220112,635.3686,648.3222,632.9059,645.0222,810304
20220113,647.6327,653.149,633.3984,650.5879,1892618
20220114,649.1104,654.2327,642.9537,648.9133,697133
20220117,647.1895,660.5864,643.6432,647.6328,1356881
20220118,650.1446,650.8342,630.6403,633.5955,900906
20220119,630.4432,639.2596,621.6269,633.2014,519529
20220120,629.4582,637.979,620.2478,626.6508,545287
20220121,620.6418,642.264,617.9328,621.6761,3144751
20220124,621.0851,621.6761,598.33,603.0583,712987
20220125,597.9361,613.9927,586.1153,611.4315,1227614
20220127,599.9062,626.503,591.0406,620.4448,2490371
20220128,630.4433,630.4433,576.3138,592.9615,6413288
20220131,598.9211,604.339,588.3316,597.2465,2066796
20220201,600.8912,620.4941,597.542,616.8986,1547133
20220202,616.6523,630.9358,612.2688,616.8001,2011120
20220203,618.6224,653.0998,616.9971,647.4357,4972594
20220204,645.2193,645.2193,633.891,643.2491,1376064
20220207,643.2492,643.4954,619.2135,627.4388,1305798
20220208,659.0102,659.0102,628.9657,646.6969,10100060
20220209,644.2342,655.9072,639.1118,649.9968,1943723
20220210,658.0252,666.8908,655.0699,658.4684,3502156
20220211,650.0461,663.0983,631.0343,650.5879,6277578
20220214,644.2342,658.4192,627.6359,632.1179,2853430
20220215,635.4671,656.055,621.1344,653.3953,2567801
20220216,655.0699,666.6445,647.1894,655.1684,2258102
20220217,655.0699,669.2549,653.1983,661.1774,3282622
20220218,660.9804,671.422,651.967,653.5923,1962790
20220221,653.5924,661.2759,647.1894,648.5685,1757845
20220222,630.4433,656.5475,628.4731,653.5923,1225239
20220223,655.0699,661.5221,639.161,641.7222,1558086
20220224,627.4881,635.3194,606.6046,609.8553,2115554
20220225,617.4404,628.3747,615.0269,622.5135,2854919
20220228,615.6673,620.5434,600.8913,608.3777,1615551
20220302,600.8912,602.7629,587.1003,589.0212,3546669
20220303,601.5807,601.8763,574.4914,576.8063,2284162
20220304,569.9108,569.9108,544.6931,546.4662,2215341
20220307,535.8768,535.8768,505.3397,522.1843,2581507
20220308,517.1604,529.4245,511.6933,527.1589,2002029
20220309,530.9514,550.6035,527.0604,547.1558,1835596
20220310,566.4139,569.5661,551.3423,556.8094,2099008
20220311,556.5632,575.378,549.2245,572.9153,1993394
20220314,572.866,584.4406,565.9213,583.4062,1892847
20220315,583.4062,591.0405,577.4466,585.9182,1578493
20220316,593.9957,602.7629,591.5331,600.5957,1238848
20220317,608.7225,614.1896,600.8912,602.5659,1019241
20220321,612.3179,612.3179,596.6062,599.6106,780297
20220322,596.951,605.5703,590.5973,603.4031,821505
20220323,606.8016,607.7867,598.8718,602.024,382090
20220324,604.1911,607.5896,596.2614,599.8569,789555
20220325,605.1101,609.3721,595.1489,597.6763,784429
20220328,599.6586,605.6057,596.1895,602.0375,696633
20220329,603.6233,611.5527,603.1773,608.0341,1488760
20220330,613.5351,621.4645,610.5616,616.3104,1536320
20220331,617.9953,622.3069,611.7509,620.1263,990282
20220401,615.8147,624.3388,613.5351,623.199,1025492
20220404,629.0964,629.2451,621.2662,628.0061,750972
20220405,628.0558,636.3816,626.4698,631.3762,747815
20220406,639.6524,644.2614,624.4379,642.1799,1725636
20220407,641.7835,645.1535,629.7903,632.3178,742601
20220408,634.2506,650.2084,632.8134,647.6314,1370697
20220411,649.2172,655.313,643.2702,645.203,975863
20220412,642.279,646.6897,633.8541,644.5092,1061190
20220413,651.15,654.074,642.1303,644.3109,884084
20220418,638.3639,658.8316,635.1426,650.2084,5207648
20220419,650.8526,654.173,628.4521,634.9443,690068
20220420,636.332,651.5464,631.3761,645.9464,605933
20220421,646.7888,657.1466,646.2437,652.389,634287
20220422,645.1534,655.8085,623.4963,639.9001,1266650
20220425,634.4983,648.3747,631.7726,643.6171,1120487
20220426,649.2172,678.9524,647.334,675.4833,7352944
20220427,673.8478,683.9082,666.0671,680.5382,2798687
20220428,683.8586,687.5755,671.8654,675.3345,1424197
20220429,673.9965,679.9436,645.4013,649.0685,1769821
20220502,649.0685,653.8758,637.3727,643.3198,853787
20220504,643.2702,648.7216,618.6892,621.96,2056479
20220505,625.4292,642.4278,618.6892,625.4787,1563698
20220506,615.3191,631.3266,613.7333,623.4963,3963203
20220509,617.7971,620.9193,601.8888,610.0164,981633
20220510,610.0164,622.5547,606.0022,610.7598,1204286
20220511,611.6517,618.3918,603.425,614.6749,1977793
20220512,610.0659,613.535,583.8494,596.9329,1947444
20220513,604.6145,635.8364,600.7489,629.0469,2489259
20220516,633.1602,649.7624,626.8168,647.7305,1247350
20220517,649.2172,676.2762,647.78,670.1805,2524634
20220518,671.2212,686.8817,668.2973,674.1948,2014804
20220519,665.2247,683.5117,659.9219,673.1044,2516859
20220520,687.7242,689.7562,671.6673,678.5063,1957573
20220523,679.2993,703.7317,679.2993,689.7562,2656671
20220524,688.8146,706.2096,686.2375,702.5918,1995805
20220525,705.714,708.638,690.9951,695.951,1126056
20220526,695.951,705.6644,687.6746,702.0466,984399
20220527,711.0663,723.4559,702.79,717.3107,1809438
20220530,727.5197,735.9447,723.555,733.1199,1080849
20220531,730.4437,743.1307,726.5286,730.0472,1712518
20220601,730.4932,738.2739,721.6222,730.6915,1950546
20220602,725.5374,734.1606,724.0507,732.2278,719240
20220603,736.4403,737.5802,721.6718,723.8524,831010
20220606,723.3568,732.8721,716.8646,722.2665,897590
20220607,718.1036,739.6121,709.7282,737.481,2341860
20220608,740.405,748.3343,729.7003,744.4192,3376027
20220609,744.4192,759.2372,739.612,757.4531,2206938
20220610,755.2726,759.4355,747.3432,756.908,1330054
20220613,752.1008,755.8177,741.7431,743.8246,1450884
20220614,737.035,754.0832,736.4403,743.2794,1342735
20220615,744.5679,751.2088,742.982,747.1945,694564
20220616,753.4389,759.5841,732.5747,740.5041,1719322
20220617,734.4579,744.0228,725.4879,733.6155,1829920
20220620,733.3677,740.3059,716.5673,724.1993,1866728
20220621,724.794,742.3873,723.5551,737.8279,1053612
20220622,734.4579,739.9589,727.9162,737.3323,1294272
20220623,739.3643,768.9507,738.2244,765.1843,2403326
20220624,771.1313,798.5868,770.1401,791.6981,3909837
20220627,803.6913,803.6913,788.9724,794.4238,2192974
20220628,791.8468,816.3287,786.098,812.9587,3330788
20220629,806.7144,833.5751,801.4611,825.9926,2359911
20220630,825.051,842.4956,817.9146,834.5167,4098480
20220701,830.106,878.4751,819.996,852.8534,3263584
20220704,832.5839,843.9823,813.9003,833.476,4102568
20220705,832.5344,839.2743,803.047,805.2276,2427183
20220706,809.787,828.2723,807.9037,817.8154,2184396
20220707,828.7183,832.9804,813.2561,818.658,1581958
20220708,827.529,834.4176,817.7164,831.7415,1066301
20220711,830.3538,849.9294,822.5235,847.4019,1110345
20220712,848.4427,851.1188,836.3504,841.3558,808629
20220713,843.3877,858.057,842.2974,849.3843,891323
20220714,849.3843,854.9348,825.1997,829.0652,923118
20220715,829.8582,866.2838,829.0653,863.9545,1584738
20220718,868.2661,873.9653,863.3102,870.4467,1456093
20220719,862.8146,880.854,862.8146,872.3795,1289938
20220720,874.2131,882.1425,865.4413,869.7033,679275
20220721,868.2661,879.4167,865.2926,871.7352,815859
20220722,867.5722,890.7657,867.5722,877.93,2263170
20220725,877.0379,885.116,860.0394,863.3102,980576
20220726,862.319,865.0448,852.9029,856.8181,1080149
20220727,856.8181,860.2872,829.6599,842.3469,1305629
20220728,850.3754,866.5315,841.5044,862.9137,1418272
20220729,891.0135,944.7846,889.0807,900.0331,9480378
20220801,900.8756,935.2692,900.0331,918.4689,2767083
20220802,922.7805,932.5435,909.3006,930.0656,1898797
20220803,926.7452,935.2197,908.2103,919.5592,1237195
20220804,926.7452,936.31,916.0405,925.8531,1265730
20220805,926.7452,942.8022,926.7452,939.9773,2153657
20220808,941.5136,952.4165,933.7825,948.2536,1356911
20220810,951.475,960.4451,941.7119,958.0662,1247420
20220811,962.4274,966.2929,946.6677,949.7899,1035579
20220812,951.5245,955.9848,942.5544,944.1403,653263
20220816,949.5421,973.0329,941.1667,970.4558,965828
20220817,972.3391,977.2949,959.7016,961.9813,1182141
20220818,962.4274,982.1517,962.4274,965.4009,2149414
20220819,972.7356,982.6968,946.1226,950.2855,1831816
20220822,944.5863,951.2271,925.3575,928.678,1465242
20220823,921.7894,950.7316,916.8335,946.7173,1292054
20220824,950.5333,958.1653,942.1083,951.4749,1250754
20220825,956.4307,959.4538,937.5489,940.7206,1538844
20220826,950.3351,958.7105,943.1491,946.0235,1280541
20220829,926.7452,951.5245,926.2496,949.3934,680203
20220830,955.4892,981.0118,954.2007,976.8984,1055038
20220901,975.2135,1019.7171,969.3656,1006.138,3390887
20220902,1012.9771,1028.2907,1010.8957,1016.7931,2684334
20220905,1016.793,1033.742,1012.977,1028.8854,1159599
20220906,1033.643,1049.5513,1032.5527,1045.2397,2050061
20220907,1038.7476,1053.5656,1028.8855,1032.2059,1263932
20220908,1039.59,1053.3177,1028.0428,1035.5758,1430694
20220909,1046.677,1049.3531,1035.1298,1044.4965,1205966
20220912,1049.7,1061.8914,1037.806,1041.2255,1677576
20220913,1043.2574,1050.0963,1025.4163,1029.5295,903787
20220914,1021.8976,1040.2343,1015.5046,1028.6871,893907
20220915,1032.6024,1052.3762,1022.2942,1032.3546,1604996
20220916,1030.8182,1034.2873,1003.3628,1015.8516,1601671
20220919,1010.4992,1031.8094,1007.1788,1018.1312,1895834
20220920,1024.3756,1078.3448,1024.3756,1072.5961,3241244
20220921,1066.5004,1084.7379,1057.2329,1059.017,2001040
20220922,1050.6415,1076.412,1050.6415,1057.0345,2452415
20220923,1058.5709,1061.1479,1017.9329,1028.3898,1935689
20220926,1025.6642,1025.6642,985.2739,1015.8019,1652899
20220927,1025.8623,1033.7917,1011.7381,1025.7136,1417788
20220928,1015.2072,1032.0571,1008.1203,1012.2337,1241220
20220929,1017.2886,1027.8446,1000.7857,1002.9662,1056799
20220930,1002.0743,1027.0023,975.5604,1023.1367,2086641
20221003,1026.011,1026.8039,977.8401,986.7111,1747293
20221004,1007.6247,1029.6288,998.159,1025.7632,1378191
20221006,1030.5703,1073.2403,1028.3898,1065.3109,2710620
20221007,1070.4651,1077.6014,1059.8596,1075.2722,1271663
20221010,1056.9851,1067.1446,1046.0822,1057.2329,1019624
20221011,1060.5534,1060.9003,1039.491,1045.884,928746
20221012,1041.1263,1083.5484,1037.9545,1078.0969,1218634
20221013,1078.0971,1086.6708,1057.1834,1068.0863,1370021
20221014,1081.3678,1097.1275,1063.1798,1068.8295,1723553
20221017,1061.5444,1071.258,1050.6415,1065.5587,966318
20221018,1082.3591,1124.9795,1080.1786,1119.082,3359533
20221019,1124.9795,1166.5096,1121.8573,1161.1077,3440709
20221020,1146.0418,1154.7642,1122.7989,1132.1654,1988428
20221021,1137.8647,1146.141,1124.9795,1131.7195,965954
20221024,1144.7038,1144.7038,1132.1159,1135.9814,110280
20221025,1139.9461,1151.1959,1135.4363,1146.7356,952625
20221027,1149.6596,1154.7145,1109.1207,1114.6217,1269462
20221028,1110.112,1125.5247,1104.4127,1117.1989,885662
20221031,1122.7989,1145.5958,1121.0643,1135.9319,1201542
20221101,1139.8471,1145.7941,1118.7847,1127.953,1150562
20221102,1130.3813,1133.6026,1101.786,1105.156,1142831
20221103,1101.8356,1134.5938,1100.4976,1124.6326,1493565
20221104,1126.9617,1131.4716,1102.1824,1104.3135,1182660
20221107,1105.156,1112.9367,1071.5553,1102.9259,2256933
20221109,1110.211,1155.7058,1105.2057,1134.6434,3041336
20221110,1134.5937,1134.5937,1088.3556,1096.1858,2235744
20221111,1127.9529,1132.4628,1090.3875,1097.6726,2217061
20221114,1100.1505,1114.7702,1081.566,1091.0317,1178046
20221115,1093.262,1119.974,1087.0672,1093.4602,1691513
20221116,1095.9382,1125.9707,1094.9966,1108.6252,2034541
20221117,1108.8233,1120.0236,1090.5363,1099.3081,1597488
20221118,1103.1737,1111.2518,1056.5887,1072.2987,2508863
20221121,1060.5533,1070.3659,1035.9227,1039.1935,2657824
20221122,1038.7476,1047.4699,1028.3899,1034.0891,1994682
20221123,1040.1351,1046.0822,1036.4182,1042.7122,1095450
20221124,1047.9654,1049.353,1034.089,1043.3564,1035756
20221125,1044.2486,1046.33,1025.8623,1028.2906,1461816
20221128,1025.4657,1053.615,1019.9152,1051.1371,2723439
20221129,1043.9512,1050.2451,1028.3898,1030.6694,1325447
20221130,1035.8236,1056.8364,1023.1366,1038.8962,27363975
20221201,1049.5018,1053.5656,1034.783,1040.73,1621405
20221202,1040.7299,1044.5955,1021.8976,1039.144,1040471
20221205,1040.7299,1044.199,1001.5291,1008.8141,2896073
20221206,1008.0213,1037.1617,999.1998,1031.7598,1970222
20221207,1031.8093,1037.905,1010.2513,1016.1984,1319008
20221208,1021.3029,1027.2994,1012.3824,1016.8922,988773
20221209,1025.4163,1032.0571,1013.9683,1027.0022,1253296
20221212,1025.8622,1036.4677,1022.6905,1028.6376,903199
20221213,1033.9899,1038.4998,1022.8888,1027.6465,1040540
20221214,1036.7652,1039.4909,1017.9825,1019.6675,747736
20221215,1018.9241,1043.1087,1015.8515,1029.8766,1711006
20221216,1022.8888,1042.3157,1014.4143,1030.6694,1308612
20221219,1030.8182,1050.0469,1024.772,1046.776,1806966
20221220,1044.9919,1062.3869,1037.2608,1046.6769,1747561
20221221,1042.7618,1054.0116,1020.1134,1024.2268,1417265
20221222,1024.1773,1037.1616,1012.3823,1029.926,1373045
20221223,1017.9329,1024.4746,997.1183,1001.5786,931666
20221226,996.6228,1014.117,989.0899,1006.584,1043410
20221227,1011.6391,1039.7388,1009.1612,1034.8325,1356572
20221228,1035.7244,1075.8173,1031.1155,1073.1411,2613737
20221229,1068.3835,1125.4749,1062.2382,1091.2795,2629509
20221230,1093.262,1095.6903,1072.497,1075.8174,1035831
20230102,1075.421,1083.1522,1050.6417,1063.5765,913740
20230103,1065.5092,1068.2846,1025.565,1032.3546,2199825
20230104,1037.5582,1041.2255,1009.0124,1016.0002,1391583
20230105,1020.8568,1022.8392,1005.0477,1021.1046,987083
20230106,1022.8888,1029.7774,1009.5575,1015.455,873454
20230109,1020.51,1026.7048,1008.5664,1012.085,1045256
20230110,1017.1896,1021.5507,1001.083,1007.3274,1107876
20230111,1012.9771,1017.8339,1002.0742,1005.692,1194680
20230112,1010.7469,1012.1842,992.4598,996.6723,834703
20230113,1001.9255,1001.9255,979.7729,993.3024,1944766
20230116,993.3024,1000.4884,970.6541,979.9711,1237660
20230117,980.318,1000.0919,968.9195,977.9392,3049007
20230118,982.2508,999.0512,982.0526,993.2032,2202723
20230119,985.373,1011.7381,985.373,1005.0972,1285537
20230120,996.1272,1005.3451,959.0078,961.3371,1697151
20230123,959.999,976.3038,959.999,973.0329,948214
20230124,975.3126,984.134,962.3283,975.1639,1062016
20230125,986.2154,1034.4359,983.2419,1028.7367,5461484
20230127,1030.8182,1065.4102,1023.6323,1041.5229,3629172
20230130,1041.721,1047.6185,1009.508,1024.5737,1451127
20230131,1028.489,1034.6838,1010.9948,1027.5969,1311390
20230201,1032.8005,1048.6097,991.1713,1009.3593,1354579
20230202,1014.3396,1017.9753,986.1511,998.1038,1224788
20230203,1001.3411,1035.7053,995.6635,1031.5217,1252136
20230206,1031.5218,1060.308,1022.1587,1052.9869,2089402
20230207,1046.9109,1072.9578,1035.9044,1046.5125,1669515
20230208,1040.8847,1051.4927,1033.6134,1035.4562,582218
20230209,1035.4563,1050.5465,1026.5414,1045.6659,539534
20230210,1040.8847,1082.7193,1040.8847,1071.1151,1989509
20230213,1073.7048,1081.4243,1060.507,1064.9396,710879
20230214,1066.8322,1083.815,1050.8454,1074.1034,1083378
20230215,1080.1792,1118.5775,1079.7311,1102.1425,3016998
20230216,1106.0769,1128.5381,1105.6287,1119.474,2188324
20230217,1115.4898,1115.4898,1087.7992,1099.5029,1382070
20230220,1100.5986,1131.5264,1100.2003,1126.2472,1635712
20230221,1129.5342,1134.4647,1110.111,1121.3666,1622529
20230222,1115.5894,1122.4622,1103.6865,1109.9119,746146
20230223,1115.4898,1121.4163,1105.5291,1112.9,871201
20230224,1116.5854,1123.0598,1098.6563,1100.9473,979359
20230227,1093.676,1096.6642,1054.73,1080.9264,1555124
20230228,1086.355,1089.0443,1068.4756,1076.0458,1418799
20230301,1079.7311,1080.9263,1055.8256,1058.7639,1907551
20230302,1056.0248,1068.6749,1045.9149,1062.6487,1068509
20230303,1068.2764,1074.7508,1059.8099,1066.1349,847485
20230306,1070.667,1097.6603,1067.7784,1094.1741,950986
20230308,1094.672,1108.6169,1082.8687,1105.4296,1206161
20230309,1103.6366,1106.5252,1079.1832,1082.2711,906722
20230310,1082.2711,1083.5659,1063.9436,1067.9775,1066823
20230313,1062.798,1072.1611,1041.8807,1044.5701,972966
20230314,1047.7575,1053.2359,1033.0656,1041.8807,1076802
20230315,1042.9764,1053.1861,1026.2924,1028.683,590578
20230316,1030.8742,1053.5845,1022.4077,1049.4508,747118
20230317,1055.8257,1060.8558,1036.5519,1042.7274,1797251
20230320,1001.0422,1042.7274,1001.0422,1037.6475,816115
20230321,1039.0421,1053.5846,1039.0421,1049.8992,972168
20230322,1054.2816,1071.9617,1046.9109,1050.6461,658312
20230323,1052.8375,1068.9736,1038.7432,1043.3749,1063113
20230324,1044.8191,1059.6604,1036.253,1037.8965,753161
20230327,1038.1954,1051.7418,1025.9437,1042.5282,521344
20230328,1038.3946,1045.8651,1025.1469,1030.2269,435620
20230329,1025.9438,1077.2409,1025.9438,1074.95,977216
20230331,1074.95,1080.7272,1060.7064,1072.9579,911502
20230403,1072.9578,1093.1281,1068.7744,1080.4781,842497
20230405,1086.2055,1095.3692,1079.1832,1085.6576,739800
20230406,1079.4322,1096.714,1076.2449,1094.3732,630530
20230410,1095.3692,1106.6247,1092.5304,1103.288,1236292
20230411,1103.288,1133.1698,1101.246,1124.4044,1112123
20230412,1127.542,1139.4948,1119.2747,1131.2274,1393983
20230413,1131.2274,1164.8944,1130.1816,1158.3701,2035284
20230417,1161.4082,1168.3806,1151.597,1165.0438,2075441
20230418,1168.032,1168.1815,1137.7517,1140.441,1071740
20230419,1142.483,1179.7358,1142.483,1165.5419,2292305
20230420,1163.4003,1163.4003,1120.0716,1123.5079,2592124
20230421,1123.8568,1126.048,1079.7312,1088.6459,2877179
20230424,1085.7075,1113.0992,1083.7652,1097.4611,1329750
20230425,1098.6563,1113.5972,1097.8096,1107.1228,908834
20230426,1108.617,1124.3548,1102.1924,1121.0677,1009517
20230427,1119.0756,1131.2275,1117.98,1128.0402,733407
20230428,1134.4647,1137.1043,1121.5657,1133.8671,713046
20230502,1143.9772,1162.4043,1132.5723,1153.3899,932329
20230503,1155.4318,1162.1054,1138.6482,1152.6926,642953
20230504,1155.4319,1175.3531,1143.0807,1164.4463,632211
20230505,1185.3137,1230.0866,1185.3137,1210.1654,5319185
20230508,1219.1798,1238.5532,1216.7395,1224.957,2132720
20230509,1225.1562,1234.2203,1215.4446,1225.1063,848071
20230510,1226.1522,1240.5951,1221.3711,1236.1627,801636
20230511,1240.0472,1241.0931,1226.3514,1234.9176,555502
20230512,1233.5231,1245.0276,1226.4012,1232.5768,482504
20230515,1232.1286,1235.5649,1222.3671,1229.6384,436418
20230516,1234.4693,1247.6671,1230.1364,1239.2006,673132
20230517,1230.1365,1251.8507,1220.7238,1247.0696,691664
20230518,1247.0695,1248.5636,1215.1956,1235.6647,516649
20230519,1230.6345,1239.7982,1216.3908,1235.2662,615310
20230522,1223.3134,1242.139,1220.1758,1234.3198,418657
20230523,1234.3697,1260.9148,1225.1561,1256.1835,793692
20230524,1257.9763,1273.9632,1242.0892,1267.8872,1070539
20230525,1260.0183,1282.4297,1257.3787,1278.047,1004944
20230526,1273.0169,1295.8765,1265.3472,1288.1072,1409077
20230529,1291.2448,1299.7113,1273.515,1294.6813,875198
20230530,1293.9343,1301.8031,1275.0091,1277.6486,531133
20230531,1274.9593,1311.8136,1273.017,1297.6696,3346979
20230601,1280.9855,1285.4179,1264.9986,1267.0903,727641
20230602,1281.8321,1304.8411,1276.5529,1300.4087,1923687
20230605,1304.7913,1307.7794,1282.0811,1289.6013,551021
20230606,1290.8963,1333.727,1280.9357,1326.7545,1703583
20230607,1337.6614,1349.1659,1322.7204,1342.1935,1067501
20230608,1344.6337,1346.0781,1312.71,1320.8777,511069
20230609,1326.7545,1345.7793,1325.7585,1330.7388,805323
20230612,1362.6128,1379.3467,1329.8922,1334.3246,2237766
20230613,1340.3009,1347.6718,1335.0716,1340.799,651920
20230614,1341.6456,1344.6836,1327.7506,1340.5499,663045
20230615,1343.3389,1351.656,1324.7623,1327.6011,808772
20230616,1333.7269,1351.4569,1317.7401,1347.5223,1182213
20230619,1346.7753,1355.4411,1330.7388,1332.681,445580
20230620,1327.7505,1343.7374,1321.7742,1338.5081,1139873
20230621,1338.5081,1351.2079,1331.2866,1345.5801,846723
20230622,1340.5997,1343.6376,1317.7899,1320.9275,558699
20230623,1322.4217,1324.7125,1290.1991,1296.1256,705445
20230626,1296.1255,1309.7218,1284.0732,1285.2684,607694
20230627,1285.916,1304.393,1283.9239,1299.064,882785
20230628,1304.7416,1333.5775,1291.9919,1324.8123,1266056
20230630,1324.8123,1334.7729,1313.2081,1320.4296,875476
20230703,1329.7427,1333.2289,1307.8293,1313.1582,651040
20230704,1316.6943,1324.7623,1294.9303,1298.6157,576982
20230705,1302.849,1318.6365,1288.4061,1314.6025,1700571
20230706,1318.2381,1322.5212,1298.9146,1309.2736,1151516
20230707,1314.6025,1337.6115,1305.7376,1316.7938,1205329
20230710,1321.7244,1327.4517,1301.1558,1304.0941,588008
20230711,1310.9171,1349.6639,1305.887,1337.6116,1492542
20230712,1339.5041,1349.0663,1325.9576,1333.3783,831708
20230713,1333.7269,1342.6914,1320.1306,1324.5133,841814
20230714,1330.7388,1347.5722,1317.4413,1345.4307,1109229
20230717,1340.8487,1357.6323,1334.2249,1337.6613,739899
20230718,1341.0978,1362.6625,1333.2787,1340.8488,1011369
20230719,1343.2891,1347.8709,1322.1726,1328.8462,810110
20230720,1328.7465,1342.6914,1325.7584,1339.8527,898508
20230721,1326.2564,1339.6534,1325.9078,1337.6613,768440
20230724,1339.6037,1367.593,1289.9002,1301.9525,2508323
20230725,1327.7505,1382.9821,1308.4768,1378.5497,5467323
20230726,1387.5143,1395.3832,1360.023,1366.6469,1745448
20230727,1370.5812,1372.5235,1340.8985,1350.4608,991461
20230728,1350.4608,1365.3021,1340.1515,1352.5027,722899
20230731,1348.6679,1374.0176,1341.9943,1371.2784,771838
20230801,1369.5851,1373.8682,1353.6979,1364.3059,325587
20230802,1369.5851,1390.5024,1357.1842,1374.3164,1941995
20230803,1376.5078,1385.9206,1349.0663,1357.8815,1042110
20230804,1366.5969,1379.4959,1341.1475,1353.449,539333
20230807,1352.0545,1352.0545,1326.4059,1335.0219,866160
20230808,1339.6037,1339.9523,1313.1085,1326.3063,1246119
20230809,1325.858,1344.2852,1311.8136,1334.723,1333966
20230810,1337.1633,1350.0624,1326.0573,1344.2852,960273
20230811,1346.6757,1356.6862,1336.9641,1344.335,724490
20230814,1347.2734,1347.4727,1315.5987,1339.6038,951927
20230816,1328.7466,1340.2512,1317.2421,1334.474,1426246
20230817,1333.6274,1335.6692,1318.8856,1331.3862,702360
20230818,1336.715,1339.7032,1324.1148,1336.1174,727872
20230821,1334.7728,1355.0924,1323.9157,1344.1855,1480040
20230822,1340.8985,1351.656,1330.3901,1348.2196,819736
20230823,1349.5643,1361.4175,1343.9864,1349.9628,919117
20230824,1359.6246,1377.7528,1349.2655,1357.1344,1183583
20230825,1349.664,1352.6521,1315.8974,1334.3246,1437121
20230828,1331.6849,1346.6258,1330.6889,1343.9365,784438
20230829,1349.6639,1383.281,1337.761,1375.1631,1231116
20230830,1386.0201,1415.5035,1379.6453,1409.9755,2457022
20230831,1415.404,1430.7434,1403.7501,1414.3083,2229952
20230901,1414.0594,1454.6489,1408.4814,1448.3737,1801951
20230904,1455.2465,1463.215,1437.9648,1447.1285,1530060
20230905,1451.2124,1458.2346,1446.2819,1452.1587,554308
20230906,1454.1508,1478.2057,1453.4038,1472.2294,1249970
20230907,1472.2294,1480.4469,1468.1953,1473.9725,645256
20230908,1478.1558,1480.9946,1468.2948,1474.7195,515325
20230911,1478.7535,1489.9592,1470.2373,1483.1362,754214
20230912,1492.6487,1492.6487,1456.2425,1465.9043,623844
20230913,1460.2268,1469.7392,1433.5323,1448.6725,801352
20230914,1449.7183,1461.671,1445.6345,1458.1848,285610
20230915,1457.2386,1502.5095,1457.2386,1496.9814,1369061
20230918,1501.8124,1525.17,1483.6841,1519.9407,1464894
20230920,1518.4965,1527.3614,1503.0076,1506.1453,537988
20230921,1500.0692,1504.0535,1486.2239,1492.9972,542059
20230922,1484.0824,1492.5988,1477.2594,1488.2161,1048434
20230925,1492.1007,1515.1596,1483.435,1509.5817,1238681
20230926,1516.8032,1537.9196,1511.2251,1524.9708,1247558
20230927,1525.7678,1528.7559,1513.068,1522.2317,1087855
20230928,1523.8752,1540.5094,1506.5935,1517.8988,4734327
20230929,1510.528,1529.0049,1494.0431,1515.8071,775781
20231003,1530.997,1538.5172,1515.8568,1523.9747,791678
20231004,1523.9747,1523.9747,1487.0706,1490.1584,797755
20231005,1501.0654,1508.3864,1483.5844,1492.2502,586529
20231006,1498.0772,1510.6275,1489.1126,1495.338,537906
20231009,1493.0968,1527.8096,1489.1624,1516.5043,1131037
20231010,1524.0743,1552.8106,1516.5042,1522.0822,1691714
20231011,1560.8291,1563.9168,1536.575,1544.145,1007780
20231012,1559.8329,1594.5955,1546.9837,1591.5575,1822514
20231013,1572.981,1599.6256,1572.981,1594.5956,810988
20231016,1600.5719,1610.931,1588.0216,1595.3923,582454
20231017,1604.6558,1609.5863,1594.9442,1603.0621,456174
20231018,1600.6715,1600.6715,1577.4134,1594.2966,359998
20231019,1582.7423,1609.5862,1578.3596,1592.7528,830994
20231020,1592.7528,1603.4605,1584.4356,1590.163,597980
20231023,1577.7621,1602.1158,1573.9273,1579.0072,950311
20231025,1579.1067,1602.1157,1563.8172,1568.6481,890501
20231026,1559.6836,1576.9155,1542.4019,1570.7897,988912
20231027,1578.7582,1593.6991,1572.7818,1585.5812,737466
20231030,1578.2103,1609.2875,1556.9942,1602.4645,912901
20231031,1627.5652,1627.5652,1579.2064,1584.5354,2389756
20231101,1585.7306,1592.1552,1551.8645,1554.7032,1697994
20231102,1563.8172,1568.2995,1548.3783,1563.8671,802352
20231103,1571.6861,1594.994,1566.3074,1592.8026,552856
20231106,1600.6217,1610.6321,1593.8983,1608.889,505748
20231107,1610.7317,1615.712,1598.2809,1604.1577,342837
20231108,1608.4408,1642.4562,1605.6518,1640.4641,589975
20231109,1646.4904,1647.337,1628.1131,1640.4144,442148
20231110,1638.5218,1638.5218,1622.3857,1625.5232,390701
20231113,1642.805,1645.4943,1629.2585,1641.5599,364986
20231115,1646.7394,1670.097,1640.5638,1666.561,1011532
20231116,1667.9057,1681.8505,1661.6803,1677.5177,468330
20231117,1690.1179,1747.7401,1683.3446,1740.7178,1721816
20231120,1748.0389,1757.9497,1699.2817,1712.4795,1110928
20231121,1725.0797,1731.4047,1708.7941,1717.8583,521686
20231122,1723.0876,1737.132,1717.7586,1732.4506,2016499
20231123,1747.0926,1777.9206,1741.6641,1769.0558,1599755
20231124,1775.9784,1811.239,1771.7451,1792.8616,1298959
20231128,1792.9114,1822.7434,1791.9154,1816.9165,957141
20231129,1822.7933,1868.3133,1815.3727,1856.3108,1212566
20231130,1845.9518,1890.5255,1842.7644,1857.1575,2171737
20231201,1875.5845,1916.4231,1860.3447,1902.2791,1269657
20231204,1950.2892,1950.2892,1882.557,1896.452,818769
20231205,1910.4468,1915.975,1887.7864,1895.5059,970173
20231206,1881.6606,1893.0656,1864.379,1881.312,1053331
20231207,1886.8899,1921.4035,1886.3421,1912.6381,720562
20231208,1916.9211,1922.3994,1879.1703,1895.2069,493461
20231211,1899.6395,1932.3601,1895.5058,1924.79,674733
20231212,1928.3759,1943.6654,1918.5647,1930.1688,716644
20231213,1932.3601,2019.0175,1924.4415,2014.3361,2224533
20231214,2018.0215,2050.3935,1998.1998,2040.6819,1066303
20231215,2043.9191,2046.1103,1995.9089,2010.6008,902030
20231218,2016.0294,2027.2849,1988.6875,1991.7753,936244
20231219,1997.1041,2001.686,1950.3888,1960.947,1139789
20231220,1976.1868,1990.8787,1935.4977,1941.5238,743248
20231221,1928.3758,1964.1842,1917.1203,1938.0376,733570
20231222,1942.3207,1980.968,1926.7822,1959.7518,1070784
20231226,1959.7518,2002.9809,1959.7518,1988.3387,890867
20231227,2000.7896,2018.0215,1982.7111,2005.6703,477198
20231228,2007.513,2014.0372,1987.4922,1996.656,1261169
20231229,2005.0726,2022.0057,1992.1238,2017.8223,476136
20240101,2023.9978,2038.4906,2004.0766,2011.0989,474552
20240102,2017.0254,2031.7672,1944.4623,1961.3954,1407673
20240103,1969.2144,2007.9612,1952.6299,1990.0321,837553
20240104,2000.0924,2006.1683,1971.5054,1974.7924,982876
20240105,1981.964,2003.3295,1961.4949,1971.5054,2259906
20240108,1986.9444,2054.776,1972.2026,2029.775,2195125
20240109,2030.9703,2040.9309,1997.1042,2010.9495,1424396
20240110,2007.1643,2014.9834,1984.9522,2012.2941,650058
20240111,2016.5771,2087.2477,2015.3321,2079.1299,1305313
20240112,2091.73,2091.73,2054.6765,2077.5859,765951
20240115,2090.0368,2100.6448,2003.0806,2013.6388,1349721
20240116,2022.0057,2035.851,2005.4213,2025.6414,1347953
20240117,2015.6808,2039.4368,1995.5603,2008.8578,727553
20240118,2008.0609,2018.0714,1972.2027,2003.5786,815604
20240119,2007.8617,2036.9466,2003.0805,2028.9781,747716
20240123,2007.513,2037.8929,1970.8081,1979.5237,910575
20240124,1967.2223,2007.0648,1952.0822,1993.0701,903005
20240125,2046.9073,2046.9073,1915.477,1933.4558,2078701
20240129,1933.3562,1966.2262,1920.3575,1956.9628,1563040
20240130,1965.3297,1988.9862,1945.8069,1949.8907,1011435
20240131,1952.3312,1998.9468,1944.3627,1993.4685,1064182
20240201,2009.0569,2016.876,1977.1829,1987.3926,588605
20240202,1989.6835,2040.5325,1989.6835,2037.2455,830770
20240205,2041.1798,2069.4679,2002.2836,2016.1787,829877
20240206,2025.9899,2059.856,2016.1787,2039.4368,707510
20240207,2046.011,2066.7289,2031.9165,2055.822,413546
20240208,2059.8561,2065.3843,2018.5195,2025.741,223855
20240209,2036.7475,2037.9428,1997.8014,2029.5758,235265
20240212,2035.9505,2046.3593,2007.6126,2027.733,309481
20240213,2026.986,2052.0867,2013.0411,2036.1996,436456
20240214,2023.0019,2096.7104,2013.2404,2079.7275,597383
20240215,2096.7103,2109.8583,2043.3711,2084.7576,754820
20240216,2090.4849,2177.3913,2088.8415,2130.3274,2287490
20240219,2144.5213,2151.4937,2084.6579,2112.0496,981429
20240220,2125.4965,2130.0785,2085.6044,2109.8584,611276
20240221,2113.6434,2130.5764,2072.8048,2085.2556,407855
20240222,2096.1624,2125.3471,2082.6161,2120.2671,482482
20240223,2126.5922,2130.5765,2096.063,2107.6172,345944
20240226,2098.7524,2158.4663,2079.7774,2153.5857,661221
20240227,2158.4663,2159.6117,2119.0222,2124.7495,626537
20240228,2126.5922,2133.7139,2063.691,2086.3015,808633
20240229,2083.7616,2150.896,2076.6398,2130.7756,1749636
20240301,2131.5227,2266.0409,2113.2947,2233.7686,1643917
20240304,2254.4864,2258.7695,2211.2574,2223.5588,794390
20240305,2230.1826,2280.882,2223.26,2271.9175,942601
20240306,2286.1613,2286.1613,2222.3139,2271.0212,1248715
20240307,2275.0054,2304.3394,2246.2193,2250.801,873474
20240311,2267.037,2295.2755,2246.1696,2259.4172,715668
20240312,2262.7538,2270.8719,2223.6085,2233.7686,471203
20240313,2233.7685,2248.6097,2117.3786,2137.7979,999329
20240314,2131.4232,2191.934,2100.5949,2141.334,970661
20240315,2144.5212,2150.4976,2046.8573,2058.312,1517532
20240318,2052.8836,2059.607,2004.1264,2023.45,1291028
20240319,2031.65,2056.0,2010.0,2041.8,895151
20240320,2055.6499,2105.0,2005.8,2034.95,1492834
20240321,2080.1499,2080.95,2023.3,2055.05,1087462
20240322,2062.0,2085.0,2034.5,2050.8,833468
20240326,2053.3,2088.0,2028.35,2082.95,1066097
20240327,2100.0,2134.0,2084.1499,2123.1499,1315796
20240328,2140.0,2165.0,2104.3999,2151.8501,934714
20240401,2174.0,2195.0,2128.2,2139.1001,591922
20240402,2175.3,2175.3,2116.8999,2150.55,899959
20240403,2150.0,2150.0,2101.2,2104.3999,718065
20240404,2118.8501,2118.8501,2067.75,2086.7,797799
20240405,2086.0,2094.0,2060.0,2069.3999,586351
20240408,2080.0,2139.0,2066.3,2132.95,935056
20240409,2144.0,2144.0,2096.0,2099.05,546070
20240410,2100.95,2142.3999,2089.1001,2097.3999,592948
20240412,2097.8999,2109.1499,2038.4,2046.85,770726
20240415,2011.1,2046.65,1988.8,2000.15,1014530
20240416,1990.1,2001.4,1960.7,1975.6,1225387
20240418,1980.0,1988.5,1927.45,1940.7,2514361
20240419,1918.0,1921.45,1873.0,1899.05,2046537
20240422,1898.95,1950.0,1890.1,1943.25,1222136
20240423,1950.55,1972.0,1918.5,1953.1,1278413
20240424,1959.0,1971.1,1940.95,1964.3,1129487
20240425,1968.0,2014.1,1951.3,2005.75,1052042
20240426,2007.0,2038.8,1995.65,2016.5,809102
20240429,2020.0,2042.0,2012.25,2036.6,420629
20240430,2049.0,2105.3999,2043.7,2060.0,1223892
20240502,2117.8501,2117.8501,2066.55,2072.95,1595338
20240503,2083.8999,2085.8501,2035.85,2052.75,527068
20240506,2060.0,2070.0,2030.5,2056.8501,304143
20240507,2063.05,2065.0,1973.0,1979.6,725249
20240508,1979.6,2025.0,1918.5,1996.65,2130967
20240509,2023.9,2123.0,2023.9,2063.6001,5353261
20240510,2080.0,2087.3501,2022.75,2063.55,1125560
20240513,2063.55,2085.3999,1975.45,2068.6001,1593052
20240514,2074.8,2139.95,2065.0,2134.8,1387841
20240515,2140.0,2149.8999,2085.0,2099.95,724319
20240516,2120.0,2133.95,2090.5,2127.8999,535364
20240517,2127.8999,2192.6499,2115.05,2184.45,1090700
20240521,2199.0,2199.45,2142.1001,2155.8999,772583
20240522,2167.0,2170.0,2121.1001,2142.3,609077
20240523,2143.75,2181.0,2137.05,2175.1499,457984
20240524,2165.05,2254.0,2160.0,2238.5,1224582
20240527,2260.0,2264.3999,2208.45,2249.55,809083
20240528,2250.0,2270.95,2226.6499,2251.6499,678357
20240529,2230.6001,2265.1001,2215.05,2253.8501,518041
20240530,2244.95,2259.25,2222.7,2230.8501,741013
20240531,2227.1499,2238.8,2145.75,2179.25,2814422
20240603,2234.55,2255.0,2207.3,2250.0,895334
20240604,2251.0,2253.0,2069.0,2211.45,1169349
20240605,2223.1001,2370.1001,2201.8999,2351.8,1794260
20240606,2360.0,2409.95,2335.5,2398.2,1606531
20240607,2400.0,2429.6499,2387.1499,2407.6499,747356
20240610,2419.6499,2444.95,2412.0,2436.8501,1482253
20240611,2440.0,2452.0,2418.0,2442.45,937870
20240612,2448.1001,2448.1001,2415.6001,2420.5,630482
20240613,2440.75,2461.0,2411.0,2441.6499,990069
20240614,2446.3999,2519.0,2441.6499,2503.8501,813619
20240618,2510.0,2510.55,2453.3,2471.1499,1090211
20240619,2470.05,2474.05,2430.1499,2437.75,674896
20240620,2431.6499,2449.3,2388.5,2427.95,759638
20240621,2440.0,2468.95,2425.0,2435.3999,1274845
20240624,2435.3999,2463.0,2427.05,2439.7,838611
20240625,2440.7,2483.55,2406.8501,2414.7,709617
20240626,2419.95,2419.95,2353.0,2376.75,1328074
20240627,2368.8501,2403.2,2334.55,2344.1499,2892926
20240628,2363.0,2376.0,2327.1001,2364.8501,531757
20240701,2364.8501,2388.6499,2340.3501,2354.6001,531888
20240702,2354.6001,2369.3999,2314.75,2338.3501,879900
20240703,2350.0,2373.2,2301.2,2314.6001,745901
20240704,2320.0,2393.95,2317.75,2365.95,1348615
20240705,2369.05,2439.0,2369.05,2430.1499,1253460
20240708,2445.95,2445.95,2381.3999,2398.25,752377
20240709,2403.1001,2447.5,2397.5,2438.2,761404
20240710,2452.0,2476.45,2406.45,2440.25,1400944
20240711,2444.2,2491.8999,2444.2,2475.7,2112524
20240712,2480.0,2491.0,2425.1001,2439.45,742628
20240715,2445.0,2455.55,2424.3,2450.8501,320518
20240716,2459.0,2472.8501,2436.8999,2455.3999,424872
20240718,2460.0,2464.95,2383.0,2407.6001,894461
20240719,2410.55,2417.7,2370.0,2404.55,858204
20240722,2404.8,2440.95,2371.0,2426.1001,510664
20240723,2425.8999,2490.0,2359.95,2472.2,836325
20240724,2485.0,2485.0,2421.1499,2449.55,542901
20240725,2445.55,2458.5,2421.0,2449.3,395417
20240726,2449.5,2528.8,2438.75,2508.0,1328315
20240729,2529.0,2539.95,2465.75,2484.6001,715525
20240730,2484.55,2511.95,2470.6001,2496.7,635216
20240731,2492.1001,2557.05,2492.1001,2531.0,1913288
20240801,2532.0,2602.1499,2520.0,2584.2,2477455
20240802,2574.8,2584.8999,2525.0,2569.3999,907741
20240805,2515.3999,2561.0,2461.5,2493.3501,1605272
20240806,2514.8999,2529.95,2427.0,2478.8,2149602
20240807,2535.0,2618.6499,2535.0,2574.55,2338106
20240808,2579.0,2590.6499,2504.1499,2529.05,608596
20240809,2541.6001,2589.6001,2534.05,2581.45,554497
20240812,2578.3999,2583.1001,2535.0,2578.0,788200
20240813,2588.8999,2655.0,2555.5,2635.8,2005430
20240814,2635.8,2653.1499,2594.5,2605.5,1364898
20240816,2625.0,2635.1499,2572.8501,2600.25,1089926
20240819,2622.55,2625.0,2585.25,2607.6001,464963
20240820,2624.0,2647.3999,2612.05,2636.2,546115
20240821,2636.2,2636.2,2605.6001,2631.5,968366
20240822,2647.0,2715.2,2629.3501,2706.25,1415927
20240823,2760.0,2818.0,2751.2,2767.0,2526589
20240826,2781.7,2789.0,2740.7,2775.2,694903
20240827,2785.0,2786.8501,2722.1499,2741.1001,917102
20240828,2756.3999,2762.2,2721.95,2737.25,615924
20240829,2750.0,2765.5,2725.55,2751.55,545401
20240830,2779.0,2824.0,2757.8501,2813.3,1691050
20240902,2859.5,2860.0,2780.3501,2790.7,1086763
20240903,2806.0,2806.0,2777.3501,2782.6001,732254
20240904,2756.7,2783.6001,2746.05,2774.8999,512770
20240905,2771.0,2802.5,2752.3,2761.7,472195
20240906,2761.6499,2783.05,2732.8501,2752.3,638798
20240909,2753.8501,2771.6001,2716.05,2765.1001,420546
20240910,2778.8,2789.1001,2747.6499,2755.0,361187
20240911,2764.8,2780.0,2726.3999,2759.6499,451598
20240912,2780.05,2828.0,2765.3501,2822.8501,640298
20240913,2834.8501,2843.6001,2818.3501,2828.6499,372568
20240916,2840.8,2849.95,2805.0,2841.75,237258
20240917,2850.0,2850.0,2783.1001,2818.75,998069
20240918,2819.95,2835.0,2772.2,2784.75,537825
20240919,2809.8,2816.8999,2728.1001,2770.6001,541355
20240920,2785.0,2824.8999,2766.95,2815.6001,1029376
20240923,2832.8999,2879.0,2813.45,2845.2,1352527
20240924,2832.5,2885.8999,2828.05,2868.7,716361
20240925,2865.0,2898.8999,2846.1001,2871.5,901475
20240926,2870.0,2902.0,2831.3999,2891.1001,717570
20240927,2887.45,2958.0,2869.1499,2949.7,1294096
20240930,2947.3999,2947.3999,2806.3501,2839.8501,1318103
20241001,2857.0,2875.25,2811.0,2838.6499,853088
20241003,2761.0,2800.0,2716.25,2725.6001,1164231
20241004,2729.0,2751.3,2658.0,2687.5,1039593
20241007,2688.0,2700.0,2621.1499,2637.8501,658074
20241008,2624.5,2747.3501,2621.45,2740.55,1114457
20241009,2760.0,2804.6001,2721.0,2782.55,884279
20241010,2780.0,2828.0,2762.0,2793.5,498243
20241011,2791.55,2800.0,2764.6499,2794.3501,272568
20241014,2794.3,2845.0,2789.0,2830.3999,446302
20241015,2846.1001,2848.0,2800.6499,2833.6001,671968
20241016,2824.05,2829.8999,2754.5,2774.1499,336618
20241017,2744.0,2749.8501,2594.6001,2679.25,2812222
20241018,2678.95,2753.8,2651.1001,2715.8999,570397
20241021,2715.3501,2756.3501,2666.1001,2737.7,685233
20241022,2749.0,2749.0,2658.05,2662.5,453367
20241023,2689.8501,2771.8999,2485.8999,2562.95,2474437
20241024,2625.0,2649.0,2475.1499,2482.3501,2651875
20241025,2502.1001,2502.1001,2375.0,2449.8,2013642
20241028,2449.75,2481.7,2408.5,2462.3501,887553
20241029,2460.0,2474.3999,2410.2,2447.2,817875
20241030,2425.0,2496.05,2425.0,2458.8999,844370
20241031,2460.05,2500.7,2448.3501,2493.7,1006395
20241101,2525.0,2525.0,2501.75,2509.7,84638
20241104,2523.8501,2523.8501,2404.7,2412.1499,791508
20241105,2412.1499,2468.1499,2395.0,2458.3999,496975
20241106,2478.0,2513.0,2462.3999,2485.8999,606094
20241107,2497.0,2514.0,2443.2,2479.45,626252
20241108,2486.0,2490.3,2445.0,2467.8999,229547
20241111,2455.0,2493.6001,2441.05,2460.5,304447
20241112,2460.0,2485.0,2430.0,2440.3,488274
20241113,2421.8,2425.95,2356.95,2385.75,1158274
20241114,2375.0,2415.0,2360.0,2396.1499,308515
20241118,2409.0,2443.3,2395.05,2416.0,369073
20241119,2419.8,2469.8999,2413.6001,2429.25,349283
20241121,2415.0,2429.25,2381.55,2388.45,526062
20241122,2378.75,2425.3,2361.0,2414.25,483482
20241125,2465.0,2488.8501,2446.05,2458.3501,1152942
20241126,2463.2,2468.75,2413.05,2424.6001,522817
20241127,2430.0,2446.0,2405.0,2440.6499,560953
20241128,2441.5,2459.2,2410.0,2415.45,920475
20241129,2402.0,2445.0,2396.8999,2434.45,598013
20241202,2457.05,2496.5,2451.0,2493.3999,886621
20241203,2500.1499,2572.8,2500.0,2556.2,1504046
20241204,2569.75,2569.75,2503.5,2518.7,565355
20241205,2533.8,2533.8,2472.6499,2512.2,518320
20241206,2519.8999,2537.8999,2505.25,2521.55,328425
20241209,2527.45,2532.0,2481.05,2488.8501,343525
20241210,2497.8,2524.0,2483.95,2520.2,549109
20241211,2520.2,2543.45,2513.05,2531.45,394565
20241212,2530.0,2537.6001,2496.6001,2523.75,282735
20241213,2518.05,2530.0,2465.0,2521.8999,286975
20241216,2521.8999,2547.1001,2511.8501,2527.8999,311223
20241217,2514.0,2527.8999,2433.05,2453.05,934501
20241218,2438.05,2492.0,2428.45,2479.25,671227
20241219,2449.0,2466.25,2423.0,2459.6499,622765
20241220,2470.0,2470.0,2381.75,2391.6499,575609
20241223,2395.45,2419.8501,2380.0,2388.3,624465
20241224,2389.0,2433.6499,2372.55,2427.1499,377743
20241226,2431.1001,2448.0,2416.8,2438.55,384423
20241227,2439.5,2489.8,2417.75,2420.45,456684
20241230,2418.8,2428.8999,2333.45,2353.6001,2546678
20241231,2359.8999,2374.8999,2346.05,2368.5,649708
20250101,2365.0,2420.25,2347.0,2406.6001,330907
20250102,2419.3,2508.0,2402.05,2501.45,1247379
20250103,2514.0,2514.0,2467.5,2482.95,766578
20250106,2488.0,2495.0,2401.75,2413.8501,592677
20250107,2420.05,2450.8501,2366.75,2384.5,529516
20250108,2381.1001,2395.0,2343.0,2361.8,678020
20250109,2360.0,2366.3999,2311.0,2326.45,956229
20250110,2332.5,2349.95,2272.6499,2283.25,638304
20250113,2277.1001,2278.25,2171.3999,2176.6001,896851
20250114,2178.45,2264.0,2178.45,2235.0,707155
20250115,2237.05,2261.8501,2225.3999,2250.5,1051263
20250116,2269.8501,2306.1499,2263.0,2278.05,661212
20250117,2288.0,2307.1499,2254.1001,2301.25,569486
20250120,2314.0,2314.8,2245.0,2292.95,684192
20250121,2303.0,2326.5,2282.2,2291.8999,687145
20250122,2304.0,2309.0,2244.1001,2273.25,600777
20250123,2262.45,2306.5,2248.6001,2300.1001,336213
20250124,2301.0,2307.3,2258.0,2270.7,576285
20250127,2264.8,2274.75,2218.1499,2231.3999,663070
20250128,2254.0,2374.8999,2217.05,2335.8,1446186
20250129,2359.0,2539.2,2356.8,2464.75,3167978
20250130,2459.05,2505.1001,2429.8501,2455.25,879247
20250131,2457.55,2492.5,2440.55,2457.8999,681021
20250201,2466.0,2688.0,2435.55,2555.1001,2148989
20250203,2549.8999,2661.2,2527.6499,2653.75,3036331
20250204,2659.8999,2720.0,2637.45,2644.3999,1473984
20250205,2655.0,2660.0,2597.3999,2617.05,594760
20250206,2617.0,2627.95,2585.7,2591.3501,306299
20250207,2610.6001,2630.55,2576.8,2605.6499,493929
20250210,2616.0,2650.0,2535.6001,2558.3999,440811
20250211,2545.75,2558.3999,2470.7,2485.0,366437
20250212,2500.0,2502.5,2420.0,2493.45,527642
20250213,2490.0,2524.2,2461.0,2475.3999,396181
20250214,2476.0,2485.6001,2368.5,2401.3999,483107
20250217,2401.3999,2403.0,2356.05,2365.7,459708
20250218,2360.5,2371.95,2337.1001,2353.6499,514133
20250219,2342.8,2397.0,2330.05,2381.8999,631536
20250220,2375.0,2425.0,2345.0,2419.25,645674
20250221,2414.6001,2417.3,2302.55,2324.95,1384743
20250224,2309.55,2375.8501,2274.55,2362.45,505656
20250225,2367.0,2396.0,2347.55,2360.6499,455790
20250227,2360.6499,2384.25,2304.1001,2338.95,558324
